44
52
244
325
456
521
609
629
686
753
803
825
894
916
952
953
973
1081
1146
1191
1214
1239
1299
1367
1380
1575
1702
1769
1771
1841
1854
1855
1939
2001
2006
2007
2024
2045
2058
2138
2138
2213
2228
2398
2465
2481
2491
2503
2667
2744
2850
2911
2920
3078
3131
3238
3256
3262
3280
3317
3335
3452
3479
3584
3655
3663
3664
3705
3816
3887
3898
3921
3986
4051
4054
4068
4081
4135
4154
4159
4208
4210
4239
4257
4343
4553
4578
4614
4678
4698
4722
4761
4836
4849
4868
4937
4947
4948
4959
4970
5070
5090
5159
5224
5234
5353
5380
5380
5404
5496
5581
5632
5675
5733
5753
5878
5911
5916
5936
5977
6001
6032
6037
6135
6169
6171
6226
6284
6306
6327
6379
6462
6463
6595
6598
6599
6602
6608
6669
6680
6688
6751
6782
6782
6788
6796
6831
6832
6873
6905
6915
7055
7068
7103
7151
7207
7291
7302
7314
7374
7433
7456
7469
7484
7541
7578
7643
7669
7828
7838
7862
7941
8005
8082
8085
8190
8269
8274
8297
8318
8345
8486
8488
8538
8580
8586
8594
8615
8623
8674
8716
8721
8749
8795
8807
8812
8814
8843
8897
8952
9082
9208
9245
9324
9350
9383
9396
9437
9448
9478
9492
9538
9540
9612
9676
9702
9756
9779
9857
9947
9978
9995
10295
10297
10306
10336
10351
10389
10392
10461
10505
10528
10555
10576
10710
10738
10824
10894
11010
11137
11164
11201
11226
11235
11242
11253
11282
11282
11336
11384
11398
11477
11492
11499
11535
11542
11564
11570
11635
11642
11777
11841
11864
11872
11924
11930
11951
11976
12060
12084
12099
12197
12256
12299
12304
12368
12411
12464
12681
12706
13012
13020
13269
13358
13409
13518
13538
13554
13603
13795
13798
13807
13867
13904
13929
13930
14019
14020
14032
14059
14072
14157
14183
14207
14208
14216
14247
14363
14371
14429
14432
14495
14503
14584
14624
14656
14699
14745
14789
14814
14881
14883
15005
15055
15080
15166
15207
15217
15296
15318
15319
15459
15511
15557
15646
15661
15828
15883
15899
15951
16202
16215
16228
16297
16402
16411
16433
16452
16453
16471
16495
16495
16778
16820
16822
16883
16978
17007
17071
17076
17113
17150
17154
17209
17227
17233
17265
17277
17337
17412
17446
17524
17549
17597
17645
17662
17677
17687
17689
17724
17847
17849
17895
17900
17919
17994
17996
18019
18027
18094
18099
18102
18116
18123
18163
18169
18329
18366
18438
18494
18504
18524
18612
18625
18730
18755
18835
18875
18965
19000
19083
19110
19158
19163
19194
19250
19344
19369
19415
19451
19511
19581
19600
19605
19606
19616
19766
19863
19998
20059
20089
20127
20135
20156
20232
20250
20369
20462
20506
20564
20638
20822
20884
20893
21064
21077
21084
21119
21266
21270
21273
21288
21335
21339
21385
21414
21555
21648
21695
21730
21764
21766
21791
21794
21871
21951
21983
21984
22071
22103
22125
22375
22407
22416
22455
22470
22686
22777
22786
22847
22918
22990
23107
23159
23162
23187
23190
23206
23215
23243
23329
23336
23344
23349
23355
23423
23425
23488
23490
23505
23594
23610
23647
23656
23759
23859
24084
24089
24222
24223
24225
24275
24339
24428
24445
24448
24590
24618
24708
24742
24770
24833
24887
25027
25072
25092
25158
25158
25185
25235
25331
25366
25414
25439
25468
25472
25477
25525
25657
25762
25772
25790
25852
25993
26035
26135
26161
26245
26302
26363
26407
26425
26433
26553
26617
26678
26686
26741
26875
26893
26913
27075
27144
27174
27178
27248
27264
27329
27353
27396
27421
27434
27487
27535
27762
27838
27868
27973
27984
27987
28017
28018
28031
28065
28256
28264
28358
28472
28550
28629
28642
28659
28674
28701
28742
28960
28978
28982
28995
29068
29126
29145
29165
29224
29375
29392
29587
29634
29702
29728
29741
29918
29959
30080
30141
30252
30302
30303
30357
30431
30469
30500
30720
30771
30811
30856
30865
30903
30921
30981
30989
31005
31039
31043
31068
31202
31236
31297
31338
31429
31490
31534
31592
31685
31766
31878
31889
31907
31921
31931
31935
31943
31943
31974
32042
32142
32173
32232
32260
32310
32384
32704
32732
32749
32772
32787
32900
32900
32983
32994
33014
33051
33062
33069
33089
33098
33108
33147
33173
33197
33252
33290
33399
33433
33542
33571
33655
33894
33926
34048
34061
34093
34235
34245
34247
34290
34425
34431
34436
34505
34541
34643
34644
34806
34814
34839
34854
34906
34946
35193
35247
35288
35292
35311
35341
35482
35482
35500
35539
35548
35622
35637
35637
35686
35774
35873
35983
36005
36042
36062
36087
36112
36126
36194
36279
36390
36417
36421
36433
36468
36483
36496
36569
36616
36690
36707
36870
36896
36928
37025
37039
37200
37365
37495
37537
37551
37582
37600
37606
37812
37833
37893
37943
37948
37967
38067
38096
38115
38118
38202
38278
38281
38390
38485
38554
38556
38576
38577
38590
38602
38665
38694
38700
38754
38825
38827
38840
38908
38956
39028
39069
39106
39180
39234
39236
39276
39300
39369
39443
39512
39524
39529
39566
39811
39837
39847
39908
40003
40015
40062
40074
40172
40279
40291
40304
40316
40347
40349
40411
40454
40480
40625
40785
40791
40864
40902
40913
40950
40955
41021
41063
41073
41150
41268
41269
41311
41344
41405
41482
41502
41508
41625
41665
41714
41721
41742
41923
41932
42022
42032
42034
42110
42246
42297
42396
42405
42467
42480
42486
42539
42562
42657
42683
42744
42746
42809
42831
42865
42942
42976
43005
43017
43044
43096
43114
43186
43326
43419
43461
43509
43544
43612
43619
43750
43751
43802
43826
43871
43919
44026
44050
44056
44138
44163
44197
44257
44260
44316
44376
44462
44474
44590
44665
44715
44743
44747
44774
44799
44820
44875
44923
45014
45041
45181
45246
45304
45334
45334
45367
45439
45481
45571
45574
45611
45701
45753
45935
45954
46155
46191
46201
46243
46272
46297
46313
46319
46330
46338
46484
46517
46637
46658
46659
46718
46723
46730
46746
46783
46903
47020
47038
47137
47160
47287
47324
47466
47508
47541
47585
47634
47646
47693
47708
47721
47844
47847
47857
47906
47975
48066
48124
48133
48152
48210
48359
48430
48470
48481
48516
48522
48611
48777
48866
48867
48974
49017
49141
49177
49264
49276
49332
49383
49386
49420
49487
49568
49571
49578
49578
49668
49803
49814
49850
49877
49882
50024
50063
50156
50165
50209
50282
50328
50381
50411
50511
50519
50549
50556
50708
50720
50734
50741
50748
50825
50833
50869
50873
51130
51197
51224
51225
51233
51339
51341
51376
51548
51602
51621
51630
51753
51791
51824
52013
52058
52127
52151
52151
52207
52386
52390
52431
52580
52606
52647
52703
52731
52798
52800
52870
52941
52972
52994
53007
53060
53071
53074
53079
53124
53239
53257
53347
53366
53366
53388
53402
53422
53432
53485
53575
53660
53681
53695
53703
53714
53798
53934
53949
53983
54080
54311
54391
54428
54479
54494
54509
54570
54649
54664
54674
54690
54720
54736
54931
54943
54962
55018
55063
55154
55175
55184
55214
55218
55259
55274
55414
55467
55507
55530
55564
55595
55596
55650
55668
55696
55722
55764
55783
55800
55811
55872
56061
56078
56098
56101
56101
56157
56194
56310
56523
56629
56643
56668
56682
56744
56790
56795
56872
56912
57050
57117
57133
57187
57314
57407
57441
57534
57546
57587
57689
57721
57725
57760
57805
57830
57834
57856
57886
57929
58118
58284
58326
58391
58438
58495
58510
58597
58597
58794
58824
58849
58874
58932
59045
59140
59252
59294
59489
59522
59528
59599
59608
59626
59634
59715
59722
59776
59783
59821
59902
59915
60002
60028
60135
60197
60221
60257
60283
60303
60329
60426
60437
60440
60500
60528
60528
60544
60620
60639
60671
60679
60766
60782
60786
60827
60968
61041
61247
61306
61362
61385
61404
61509
61511
61549
61571
61588
61675
61787
61899
61932
61962
61971
62007
62134
62155
62203
62225
62268
62393
62516
62518
62521
62547
62571
62594
62598
62662
62795
62861
62946
63013
63106
63175
63189
63190
63258
63308
63371
63424
63427
63468
63555
63566
63715
63777
63795
63796
63850
63850
63895
63907
63986
63989
64058
64059
64100
64101
64123
64210
64221
64241
64322
64327
64344
64537
64610
64639
64645
64684
64696
64721
64829
64850
64882
64908
64937
64979
64994
65013
65029
65045
65163
65179
65216
65261
65331
65390
65446
65452
65456
65457
65458
65465
65504
65551
65578
65581
65615
65627
65640
65652
65693
65743
65896
65919
66041
66114
66213
66244
66260
66318
66409
66442
66508
66517
66634
66655
66739
66789
66859
66901
67090
67093
67117
67127
67152
67236
67253
67284
67293
67296
67391
67498
67510
67529
67669
67692
67738
67764
67769
67776
67812
67829
67853
67878
67883
67886
67929
68110
68161
68215
68305
68319
68342
68483
68531
68535
68649
68704
68759
68769
68797
68830
68838
68856
68889
68974
68998
69010
69016
69041
69042
69088
69259
69376
69471
69560
69574
69887
69909
69948
69962
70000
70063
70151
70200
70203
70443
70527
70555
70560
70690
70714
70800
70821
70859
70867
70925
70934
70972
71092
71215
71426
71462
71481
71527
71591
71599
71716
71834
71859
71864
71929
71934
71984
72004
72074
72110
72267
72281
72305
72332
72340
72348
72395
72403
72411
72440
72486
72563
72614
72672
72800
72805
72841
72854
72883
72914
72938
73100
73148
73188
73213
73296
73319
73324
73339
73377
73478
73479
73620
73628
73647
73695
73726
73867
73870
73952
74012
74087
74157
74255
74261
74375
74384
74403
74413
74422
74478
74480
74533
74598
74601
74610
74662
74704
74777
74785
74886
74956
75019
75094
75142
75152
75173
75214
75287
75345
75391
75428
75453
75474
75480
75491
75654
75720
75724
75798
75814
75839
75913
75956
75961
75974
76078
76224
76338
76406
76418
76444
76502
76528
76630
76638
76734
76744
76835
76974
76977
77001
77118
77322
77325
77329
77440
77478
77637
77812
77892
77920
78066
78105
78126
78155
78186
78269
78379
78428
78502
78511
78561
78623
78633
78658
78665
78712
78757
78766
78809
78811
79069
79183
79236
79268
79326
79350
79383
79399
79444
79470
79531
79539
79546
79587
79587
79604
79656
79693
79712
79750
79770
79785
79878
80026
80072
80152
80192
80338
80349
80361
80492
80509
80583
80623
80653
80667
80685
80715
80740
80848
80917
80926
80969
81010
81045
81048
81122
81129
81427
81476
81570
81596
81622
81628
81672
81721
81722
81876
81892
81921
81959
82012
82182
82183
82380
82435
82471
82480
82491
82510
82555
82674
82835
82933
82970
83010
83051
83093
83191
83225
83346
83390
83451
83558
83571
83611
83654
83679
83719
83769
83797
83799
83807
83822
83944
83983
84003
84082
84141
84164
84203
84213
84283
84300
84360
84394
84400
84434
84627
84650
84680
84690
84712
84716
84721
84871
84956
84961
85054
85082
85083
85092
85171
85215
85360
85365
85379
85380
85429
85485
85511
85512
85566
85661
85664
85738
85749
85859
85874
85920
85940
85940
85979
86045
86109
86113
86121
86121
86228
86260
86336
86382
86421
86434
86437
86472
86473
86547
86596
86677
86704
86762
86825
86845
86895
86955
86979
86991
87053
87095
87095
87106
87160
87194
87209
87216
87224
87332
87369
87407
87518
87561
87616
87696
87767
87776
87825
87926
87966
87979
88016
88038
88045
88045
88047
88054
88245
88262
88280
88304
88457
88487
88519
88568
88596
88653
88655
88703
88763
88818
88883
88923
88926
88941
88969
88987
89049
89093
89097
89149
89173
89286
89297
89311
89322
89402
89419
89504
89510
89524
89526
89536
89544
89609
89678
89827
89932
89934
90157
90215
90224
90256
90289
90312
90443
90540
90583
90598
90637
90661
90745
90789
90817
90828
90828
90865
90880
90893
90990
91037
91037
91066
91123
91211
91217
91233
91259
91284
91285
91332
91416
91420
91432
91538
91549
91594
91617
91651
91717
91782
92004
92005
92036
92058
92110
92119
92197
92197
92200
92230
92336
92340
92401
92568
92608
92610
92636
92648
92677
92693
92725
92881
93013
93169
93221
93268
93449
93462
93571
93637
93928
94046
94050
94165
94279
94346
94393
94409
94582
94588
94637
94641
94660
94671
94706
94849
94914
95056
95248
95267
95346
95357
95462
95568
95796
95813
95826
95916
95917
95964
95991
96028
96037
96111
96184
96205
96227
96228
96413
96440
96458
96572
96652
96713
96757
96802
96807
96853
96890
96945
97012
97015
97022
97129
97206
97211
97216
97234
97235
97382
97427
97434
97479
97678
97810
97936
98023
98057
98068
98074
98106
98142
98167
98228
98234
98239
98243
98269
98276
98301
98361
98372
98428
98456
98460
98482
98546
98629
98703
98739
98842
98958
98972
99024
99025
99143
99150
99259
99276
99295
99353
99452
99473
99478
99560
99568
99570
99744
99809
99878
