83981
48816
16620
5717
85370
84124
61643
2027
62139
94599
54406
82496
18629
50595
52186
94037
38189
16517
59768
13955
65686
79736
88962
54165
39204
48062
30163
2815
57263
91486
85339
50718
97107
38351
29480
13518
33412
91679
74112
41762
46623
33056
59627
30019
94780
13232
23053
65320
2720
6915
74257
13999
7470
63151
95553
83829
54877
85364
44402
79992
78021
48614
77916
73638
91891
42040
25799
69153
21341
87751
82433
92050
12719
37824
20780
93030
10275
76303
75925
57353
47182
46117
68670
47422
79927
83781
17982
13273
97572
86379
86814
50809
19501
97817
18404
75461
43473
55296
76172
52130
72135
12359
57682
96750
49581
48955
39949
6428
77084
68595
33781
47980
78461
25727
4389
64998
37396
36013
95516
32051
19738
70103
1693
72825
33514
1164
6198
20849
56049
42905
85277
95302
18824
82196
51638
68876
84381
71333
15090
85754
18989
23634
40722
91045
56303
75365
63913
21211
57514
17532
64159
78841
12774
60140
98706
64905
70016
45779
93974
79004
4695
69913
77053
63808
67907
33378
76306
56318
81893
55827
99167
78355
4505
26942
88111
67304
59529
96747
72526
32848
94331
81541
61708
5501
17899
19647
91712
43040
15571
61857
46089
16283
12358
70899
61264
52356
75740
60420
88201
67065
81991
69079
54105
75579
44581
96555
89745
24937
41966
29094
92376
6713
97069
56125
37415
44500
42092
45827
74381
84303
34792
34155
82323
12834
5731
68667
86778
57127
61464
9615
73312
3281
33257
53511
30690
7687
94996
35471
47867
87963
72772
65673
23243
14763
36324
88920
67827
17747
12110
92843
21596
48236
3746
32421
70807
36293
88050
86053
59871
43997
16538
1335
16699
73114
99085
6774
98015
34378
23530
84636
39282
36019
46349
52615
71947
71065
14146
75274
97364
95948
84501
99565
47793
46506
95397
2594
22650
57752
25367
54310
83843
64345
81638
43215
43836
91240
25303
20600
62389
87224
65483
62342
55834
66502
78542
69686
64924
7127
79693
46310
99535
1268
57220
16796
7440
84446
26197
93303
99263
37359
67989
30960
29066
65295
56640
17548
26474
9967
31245
20865
86726
87590
78556
38754
81333
31846
72427
76969
78498
65402
30632
4000
62888
76862
6433
21101
32316
99931
50935
94071
92458
5022
81617
81529
75288
27411
27021
61442
45767
71779
78673
17989
64823
67399
51488
31428
41098
91880
17544
78101
43137
56565
54711
87214
83138
48768
24910
77170
82011
59670
38862
92472
31713
78040
33775
56276
49777
84250
54160
90372
85335
57848
45928
56665
14349
50928
93819
50432
20635
4832
97096
49420
3773
2269
86015
48290
27202
72909
67376
55969
78384
1890
14430
57451
80549
55603
38995
10677
55961
2072
53133
27079
48895
59873
16406
96048
8362
35668
15889
97161
91532
2594
8464
34724
83034
43557
54211
9649
70699
90808
99339
48588
71487
52787
10124
59847
11037
99265
73761
4560
63316
39520
97929
10334
40515
64244
86719
85501
23668
70696
22663
34772
2722
55586
8036
22287
51484
16514
34023
85646
9250
52183
85570
70473
87564
56670
18491
2718
49162
75832
70332
16057
71398
69350
30503
39871
20390
39395
5542
39990
62285
15871
44960
88404
33665
52692
54888
73027
37255
58983
32976
62446
92298
48124
80187
61355
94043
61622
41807
37925
83859
69866
62089
28548
86067
29182
33739
86715
23244
24804
50384
27374
6107
33133
37345
20798
43724
89036
9600
27155
53375
19112
97600
14213
94248
9277
58264
42854
28368
71695
37165
43471
63258
89420
73164
1606
67968
67005
55417
56041
66715
84809
67745
86170
28321
40391
13420
72294
48872
85181
68399
16691
21097
29562
78046
73542
97440
67436
67294
88143
11120
36382
12023
19794
85411
92338
94185
82226
46031
84887
96086
46235
58836
16903
83901
9932
87074
97504
29543
90688
82008
30525
99610
36344
56199
32592
72779
40102
92309
12958
67344
47384
73917
4727
47891
79519
45427
40368
20547
32764
15813
57311
33477
96966
77277
90258
13672
7386
45092
91341
89589
41823
25889
41758
15429
3892
2238
68926
68172
78105
36555
48295
72820
70775
35132
36844
88933
90765
93421
90202
91263
48216
6631
84201
57994
33470
96730
38718
54277
65654
67754
14561
16379
28280
33446
12821
49779
80829
95955
3033
74534
82802
20807
24763
6828
54655
94161
94548
29775
62958
14294
94083
88449
8442
66231
33034
48522
96054
73582
2271
46361
54646
32663
47248
25915
5150
18828
78039
16778
29670
59496
28533
20541
54054
24109
20718
98653
32388
71616
40320
97175
71735
36562
4641
59405
36086
61434
33877
20936
69602
76862
35561
69160
50893
35921
32271
68283
85670
68534
1334
93516
51651
10338
77316
33427
71625
23072
72147
15851
22906
51726
15398
64
55291
95716
91175
30151
71201
32789
45278
88008
63704
78350
5135
68246
2544
22459
657
22303
29476
76105
13223
85342
42856
98022
55965
22862
93902
61924
95616
21209
93205
19709
24314
73455
37231
75697
74632
21426
69806
14250
24026
73774
76426
3424
29831
70246
99345
65913
8939
5897
69771
93128
88350
29924
77897
73046
6001
66929
60234
90686
76199
97037
91082
35954
67726
5191
86279
72188
57690
61811
19152
90527
16700
37407
8717
41083
30020
77309
47302
7150
61104
74815
23121
72984
54447
51105
83098
84472
89558
5568
63857
13298
86142
12553
10059
5170
65369
25740
51542
52265
40815
99534
93278
17558
85913
6270
60564
18465
38233
32191
66561
54912
91572
35172
3559
98204
76429
18843
2640
44270
31584
83296
46678
56707
32023
56722
26446
98687
23500
97186
85585
66686
33436
29639
74313
82549
27524
96463
30612
63478
14875
15920
61272
97938
81836
46237
88516
31385
88270
57044
68670
34846
56641
66676
66542
48022
16295
99723
66694
88094
79901
79725
43052
76764
34741
70786
48678
94430
4306
79030
62945
33823
78142
95956
43486
46504
38123
53388
87162
67955
65412
77617
17208
16010
13072
27424
64333
78030
61923
99738
12295
48372
75136
33842
83451
33898
7694
69986
19977
28343
21526
99064
80975
50464
88087
41518
32807
32614
71910
42135
11517
45197
46853
42293
73426
77016
26334
34856
76518
92912
49501
76737
4165
90595
66759
79860
49489
55433
40923
44396
9351
84194
68036
26008
50257
64796
10296
91299
89959
76080
88624
9730
99043
4075
61283
1606
15424
4395
23361
28433
76462
3135
53962
76869
68213
94961
22633
96952
514
71424
38416
51044
43603
35717
66577
4027
97595
79319
53846
