23
75
79
82
142
144
147
177
197
233
263
275
275
309
331
376
387
399
406
415
435
443
444
574
583
627
665
709
741
783
784
818
842
873
886
914
920
940
946
961
973
995
996
1004
1014
1023
1043
1052
1082
1088
1107
1162
1175
1179
1199
1226
1229
1231
1233
1291
1313
1319
1377
1397
1397
1442
1466
1492
1513
1525
1550
1555
1556
1569
1570
1596
1616
1632
1636
1668
1671
1741
1759
1771
1790
1799
1815
1816
1819
1837
1846
1956
1957
1974
2007
2009
2020
2046
2054
2061
2090
2105
2121
2169
2221
2225
2237
2258
2269
2327
2344
2373
2380
2407
2439
2449
2465
2527
2549
2549
2618
2621
2623
2636
2666
2682
2683
2690
2714
2736
2744
2753
2776
2860
2862
2941
3022
3070
3095
3107
3162
3171
3196
3198
3214
3221
3235
3246
3302
3304
3331
3341
3414
3438
3468
3470
3487
3489
3493
3539
3542
3556
3563
3589
3597
3624
3671
3804
3837
3860
3945
3948
3950
4001
4095
4111
4123
4137
4181
4195
4196
4205
4208
4242
4251
4286
4366
4370
4380
4388
4418
4457
4548
4561
4564
4611
4620
4625
4662
4663
4680
4682
4712
4722
4777
4801
4804
4805
4808
4822
4845
4863
4948
4964
4975
4982
5022
5030
5032
5039
5059
5060
5076
5080
5095
5179
5205
5227
5254
5262
5283
5320
5321
5403
5451
5517
5528
5529
5632
5643
5670
5727
5731
5762
5776
5860
5875
5906
5922
5966
6001
6014
6016
6051
6054
6060
6072
6085
6133
6138
6139
6140
6151
6238
6285
6319
6369
6415
6439
6454
6503
6521
6533
6596
6609
6632
6733
6786
6790
6805
6859
6866
6876
6940
6964
6976
7001
7003
7012
7012
7017
7034
7054
7102
7129
7187
7198
7198
7212
7215
7227
7233
7250
7259
7274
7300
7313
7394
7415
7420
7437
7442
7449
7469
7478
7478
7495
7528
7570
7601
7606
7609
7623
7635
7677
7696
7711
7716
7737
7754
7774
7852
7877
7973
7979
8035
8038
8092
8103
8115
8153
8172
8199
8203
8217
8233
8295
8306
8308
8313
8320
8320
8323
8329
8334
8343
8352
8378
8383
8425
8519
8522
8527
8558
8590
8598
8619
8634
8634
8653
8673
8674
8677
8696
8703
8734
8807
8876
8881
8942
8956
8988
9006
9019
9040
9042
9048
9058
9099
9185
9194
9208
9242
9343
9384
9434
9629
9688
9705
9780
9808
9825
9833
9846
9949
9999
10032
10033
10034
10055
10093
10136
10153
10157
10161
10177
10185
10231
10244
10249
10262
10263
10283
10315
10322
10339
10355
10362
10421
10429
10439
10440
10505
10517
10578
10583
10591
10592
10652
10690
10700
10769
10773
10781
10783
10829
10873
10926
10927
10938
10973
10977
10988
11017
11148
11195
11204
11226
11238
11241
11252
11276
11282
11334
11337
11351
11422
11493
11498
11521
11564
11583
11592
11597
11625
11627
11631
11650
11662
11708
11710
11724
11750
11757
11771
11774
11802
11831
11913
11940
11965
11977
12012
12019
12042
12056
12058
12085
12089
12163
12219
12245
12271
12317
12364
12366
12397
12429
12435
12445
12449
12458
12498
12509
12536
12542
12561
12598
12632
12660
12672
12678
12702
12739
12745
12750
12779
12780
12815
12833
12877
12883
12917
12919
12956
12971
12975
13003
13043
13107
13127
13143
13154
13177
13195
13218
13240
13271
13370
13376
13405
13453
13463
13532
13540
13573
13589
13623
13623
13625
13732
13782
13813
13888
13904
13983
14003
14005
14072
14093
14208
14214
14214
14244
14253
14269
14279
14290
14293
14301
14348
14394
14453
14501
14511
14520
14525
14546
14567
14589
14617
14620
14641
14657
14665
14710
14736
14741
14789
14803
14810
14811
14815
14837
14852
14921
14953
14968
15000
15005
15005
15022
15033
15069
15083
15093
15104
15171
15214
15215
15235
15237
15244
15266
15320
15338
15362
15388
15396
15404
15410
15411
15412
15435
15441
15441
15448
15456
15486
15518
15518
15540
15546
15551
15598
15605
15638
15646
15661
15669
15681
15702
15720
15726
15734
15759
15795
15815
15833
15845
15876
15905
15959
15982
15990
16046
16097
16115
16124
16177
16192
16224
16242
16324
16344
16357
16384
16392
16421
16422
16435
16448
16551
16562
16569
16615
16624
16636
16644
16660
16698
16740
16746
16752
16891
16901
16905
16952
16960
17020
17039
17081
17093
17094
17127
17175
17183
17188
17212
17262
17268
17285
17323
17384
17412
17432
17438
17500
17515
17531
17612
17650
17673
17714
17767
17795
17825
17850
17855
17857
17863
17888
17920
17979
17985
17996
18004
18016
18089
18128
18143
18177
18179
18184
18211
18226
18265
18297
18316
18320
18326
18338
18339
18357
18360
18376
18391
18415
18415
18424
18433
18435
18446
18523
18567
18579
18589
18602
18647
18661
18676
18677
18679
18745
18750
18769
18789
18793
18793
18851
18933
18944
18988
18995
19005
19014
19034
19046
19047
19050
19115
19132
19170
19177
19182
19226
19272
19285
19288
19317
19339
19341
19358
19515
19534
19597
19679
19685
19698
19699
19712
19754
19757
19849
19851
19875
19881
19904
19907
19914
19921
19938
19942
19946
19946
19953
19966
19974
19974
19977
19991
20069
20081
20097
20130
20132
20190
20212
20249
20299
20319
20325
20339
20365
20476
20482
20482
20494
20496
20526
20531
20572
20612
20624
20639
20670
20672
20677
20703
20732
20750
20801
20828
20833
20836
20853
20943
20945
20983
20988
21028
21181
21181
21185
21185
21195
21224
21252
21257
21368
21373
21399
21441
21442
21468
21471
21475
21507
21515
21534
21549
21562
21586
21593
21625
21645
21667
21697
21720
21720
21729
21767
21777
21781
21815
21817
21842
21847
21863
21870
21897
21914
21915
21974
22076
22081
22239
22280
22302
22320
22368
22382
22430
22480
22548
22560
22566
22567
22597
22652
22654
22685
22705
22744
22793
22793
22795
22813
22862
22895
22954
22963
22967
22969
22969
22992
23008
23029
23057
23067
23071
23080
23091
23123
23150
23157
23188
23203
23213
23294
23306
23324
23394
23411
23414
23441
23467
23556
23610
23635
23655
23671
23685
23750
23783
23790
23795
23803
23837
23927
23952
23957
23970
23978
24007
24030
24060
24065
24073
24092
24118
24154
24179
24211
24226
24243
24314
24341
24343
24348
24360
24418
24445
24466
24484
24484
24504
24519
24537
24573
24587
24610
24645
24647
24678
24711
24811
24844
24850
24889
24927
24967
25024
25044
25079
25085
25091
25095
25147
25148
25176
25233
25251
25275
25291
25311
25362
25398
25415
25461
25464
25472
25474
25485
25489
25504
25545
25568
25575
25577
25587
25587
25599
25610
25631
25672
25698
25742
25745
25778
25781
25786
25839
25864
25866
25907
25926
25947
25988
26018
26023
26041
26044
26056
26062
26108
26127
26141
26147
26158
26220
26238
26285
26293
26323
26342
26364
26421
26430
26487
26516
26523
26578
26595
26600
26649
26651
26666
26711
26721
26783
26796
26811
26813
26829
26855
26913
26913
26950
26987
26997
27029
27032
27037
27111
27137
27153
27161
27174
27205
27259
27278
27279
27292
27310
27311
27335
27347
27360
27374
27374
27437
27488
27547
27604
27606
27641
27669
27696
27768
27777
27793
27819
27855
27888
27911
27956
28011
28066
28085
28138
28141
28177
28201
28221
28278
28316
28320
28357
28358
28370
28388
28412
28466
28487
28531
28564
28582
28627
28654
28657
28661
28763
28787
28815
28827
28853
28906
28925
28958
29013
29077
29098
29112
29128
29154
29272
29279
29310
29428
29449
29483
29528
29624
29640
29659
29699
29715
29715
29761
29790
29859
29882
29927
29932
30002
30003
30021
30030
30040
30040
30074
30083
30112
30141
30153
30160
30174
30198
30204
30227
30249
30253
30263
30296
30332
30332
30349
30362
30364
30370
30436
30492
30496
30514
30525
30549
30566
30576
30577
30602
30612
30616
30754
30763
30774
30778
30798
30809
30848
30862
30863
30866
30887
30905
30914
30915
30966
30985
31032
31033
31058
31078
31114
31182
31184
31190
31228
31266
31278
31280
31393
31409
31530
31532
31535
31536
31537
31541
31577
31633
31686
31730
31799
31810
31825
31884
31891
31893
31921
31958
32075
32078
32091
32126
32129
32185
32272
32316
32326
32355
32404
32426
32427
32444
32453
32559
32604
32607
32616
32628
32637
32670
32685
32703
32712
32732
32740
32743
32805
32849
32856
32864
32871
32926
32936
32954
32974
32979
32987
33007
33035
33075
33076
33105
33152
33216
33238
33255
33299
33314
33341
33366
33367
33375
33395
33414
33440
33460
33472
33514
33516
33583
33595
33595
33624
33667
33687
33695
33714
33723
33810
33872
33890
33901
33925
33950
33951
34006
34028
34033
34058
34086
34091
34112
34142
34144
34160
34187
34191
34211
34220
34225
34237
34253
34264
34323
34348
34385
34437
34441
34466
34619
34620
34630
34647
34647
34648
34649
34677
34677
34777
34782
34801
34814
34815
34850
34856
34894
34901
34911
34919
34922
34932
34945
34951
34963
34978
34988
35012
35014
35045
35046
35054
35094
35096
35100
35102
35130
35165
35202
35220
35230
35245
35258
35276
35303
35304
35309
35309
35324
35337
35348
35368
35376
35380
35382
35398
35404
35477
35482
35517
35549
35601
35610
35619
35627
35658
35676
35679
35718
35725
35727
35749
35763
35767
35788
35815
35845
35849
35864
35878
35924
35928
35935
36024
36052
36065
36073
36120
36145
36153
36164
36248
36279
36282
36319
36336
36352
36353
36393
36398
36438
36512
36517
36574
36615
36630
36636
36683
36695
36707
36729
36744
36744
36753
36759
36787
36790
36803
36803
36815
36874
36932
36960
36963
36981
36995
37006
37009
37009
37031
37041
37049
37078
37110
37114
37139
37189
37198
37200
37213
37234
37262
37264
37267
37279
37283
37285
37318
37379
37386
37401
37433
37449
37454
37479
37485
37520
37531
37539
37616
37662
37666
37688
37689
37695
37726
37737
37794
37810
37864
37875
37902
37926
37962
38010
38028
38032
38062
38119
38143
38149
38208
38211
38240
38269
38275
38329
38333
38333
38363
38365
38375
38398
38427
38429
38516
38523
38575
38580
38604
38623
38629
38648
38654
38686
38703
38809
38864
38874
38875
38895
38925
38946
38974
39045
39045
39086
39106
39117
39155
39162
39220
39300
39338
39365
39365
39381
39447
39453
39464
39472
39499
39500
39545
39564
39567
39570
39590
39606
39617
39643
39649
39656
39689
39704
39712
39733
39749
39754
39774
39784
39805
39846
39849
39858
39871
39905
39933
39964
39981
39993
40003
40020
40026
40068
40106
40133
40135
40149
40162
40193
40222
40257
40281
40305
40342
40373
40386
40390
40419
40435
40441
40481
40496
40503
40521
40569
40622
40642
40685
40687
40720
40745
40780
40830
40880
40943
40987
41017
41030
41044
41115
41140
41165
41178
41228
41246
41251
41284
41310
41332
41347
41369
41419
41524
41535
41552
41555
41563
41615
41617
41671
41710
41719
41732
41749
41769
41813
41833
41844
41845
41848
41854
41861
41863
41961
41977
41986
41993
41999
42011
42052
42058
42069
42108
42152
42176
42184
42196
42211
42212
42226
42228
42289
42384
42402
42406
42476
42488
42499
42544
42556
42584
42665
42668
42670
42690
42693
42793
42826
42841
42874
42887
42888
42894
42903
42908
42911
42927
42933
42938
42967
42989
42999
43019
43047
43048
43063
43083
43164
43175
43179
43200
43241
43249
43275
43278
43278
43308
43313
43318
43325
43330
43331
43343
43348
43402
43439
43448
43536
43544
43547
43549
43559
43570
43576
43598
43692
43709
43717
43753
43780
43881
43902
43922
43924
43954
43955
43964
43978
43984
44033
44060
44065
44077
44090
44133
44142
44147
44189
44192
44224
44263
44275
44310
44320
44329
44339
44352
44370
44398
44409
44409
44413
44421
44435
44436
44439
44445
44507
44509
44510
44533
44580
44605
44625
44631
44649
44667
44679
44682
44694
44714
44716
44747
44759
44761
44774
44784
44794
44800
44804
44904
44913
44923
44945
45026
45028
45030
45043
45060
45077
45146
45170
45173
45190
45219
45272
45284
45295
45305
45353
45376
45381
45390
45394
45397
45413
45417
45421
45422
45427
45437
45445
45475
45496
45534
45542
45547
45574
45584
45593
45598
45609
45665
45667
45690
45733
45734
45762
45784
45784
45788
45837
45847
45902
45923
45974
46046
46050
46050
46095
46156
46157
46164
46182
46189
46195
46206
46207
46210
46218
46240
46254
46274
46306
46358
46359
46365
46387
46423
46468
46489
46508
46555
46574
46607
46620
46621
46648
46663
46673
46674
46676
46719
46855
46864
46928
46990
46991
46991
47038
47052
47065
47083
47092
47093
47105
47106
47116
47123
47168
47243
47328
47369
47384
47393
47451
47467
47468
47469
47476
47534
47556
47631
47647
47687
47727
47730
47767
47773
47810
47849
47880
47883
47887
47968
47970
47988
48015
48080
48086
48103
48139
48157
48209
48226
48258
48284
48303
48309
48395
48405
48438
48449
48449
48505
48506
48519
48580
48606
48615
48617
48646
48679
48699
48748
48785
48808
48814
48842
48849
48877
48907
48958
48965
48969
49038
49076
49108
49140
49144
49165
49172
49194
49241
49267
49291
49294
49304
49343
49352
49380
49442
49486
49488
49491
49509
49547
49625
49648
49691
49691
49756
49758
49851
49856
49895
49914
49944
50002
50046
50078
50096
50100
50111
50116
50133
50188
50205
50206
50218
50318
50346
50346
50377
50399
50406
50439
50445
50454
50474
50514
50526
50533
50558
50561
50577
50589
50632
50642
50665
50670
50707
50716
50738
50745
50749
50760
50787
50791
50795
50819
50824
50874
50883
50897
50989
51041
51053
51071
51075
51099
51101
51110
51122
51151
51198
51239
51258
51264
51312
51324
51327
51332
51410
51413
51528
51540
51562
51592
51600
51654
51659
51698
51787
51834
51856
51979
51989
51995
52037
52060
52114
52124
52169
52171
52228
52234
52238
52245
52274
52277
52323
52343
52375
52384
52397
52417
52425
52446
52499
52499
52513
52515
52528
52614
52666
52666
52689
52691
52709
52727
52773
52782
52786
52794
52798
52807
52811
52883
52912
52919
52921
52921
52973
52991
53012
53046
53081
53089
53122
53128
53144
53182
53200
53242
53248
53256
53268
53304
53324
53339
53392
53395
53407
53411
53412
53438
53466
53510
53548
53609
53620
53656
53658
53680
53681
53685
53687
53691
53894
53934
53970
54057
54093
54103
54211
54253
54270
54282
54287
54289
54325
54344
54362
54409
54457
54471
54485
54528
54600
54672
54692
54693
54701
54761
54773
54794
54832
54901
54969
54970
55021
55067
55070
55105
55165
55166
55209
55233
55248
55258
55270
55301
55387
55426
55458
55470
55494
55503
55535
55583
55621
55665
55698
55749
55776
55780
55781
55835
55878
55886
55938
55995
55996
56006
56015
56043
56084
56095
56095
56172
56226
56266
56293
56306
56325
56343
56357
56386
56478
56488
56523
56555
56573
56613
56620
56644
56681
56687
56739
56746
56760
56770
56838
56846
56884
56937
56947
56969
57027
57063
57143
57173
57212
57215
57238
57265
57328
57390
57393
57401
57444
57472
57476
57476
57507
57525
57574
57591
57599
57615
57634
57675
57676
57752
57754
57844
57899
57904
57906
57979
57989
57997
58025
58046
58084
58175
58177
58208
58212
58265
58393
58439
58443
58461
58523
58538
58549
58579
58633
58675
58683
58704
58796
58806
58818
58872
58889
58905
58944
58973
58991
59003
59013
59036
59079
59085
59146
59177
59204
59224
59239
59247
59258
59263
59357
59383
59393
59415
59433
59444
59448
59464
59512
59584
59593
59623
59636
59658
59736
59779
59823
59847
59886
59916
59935
59960
59998
60043
60056
60092
60100
60107
60142
60150
60209
60234
60298
60304
60305
60314
60381
60395
60398
60428
60444
60456
60488
60497
60518
60545
60566
60588
60623
60639
60689
60701
60708
60750
60776
60781
60823
60862
60874
60891
60893
60919
60962
61043
61044
61078
61230
61258
61310
61316
61327
61330
61356
61392
61431
61467
61481
61522
61534
61617
61621
61646
61674
61685
61693
61702
61718
61756
61762
61792
61813
61832
61864
61881
61911
61949
62055
62074
62092
62101
62121
62145
62146
62146
62170
62187
62233
62239
62298
62328
62349
62361
62365
62417
62419
62518
62575
62581
62583
62595
62719
62745
62745
62765
62769
62898
62951
62972
62982
62984
63001
63051
63077
63092
63109
63129
63143
63151
63154
63168
63190
63205
63236
63255
63277
63359
63363
63392
63404
63465
63474
63497
63499
63501
63505
63543
63545
63579
63608
63629
63637
63660
63697
63721
63746
63795
63834
63857
63872
63880
63913
63984
64002
64007
64007
64020
64022
64082
64190
64191
64303
64305
64334
64350
64485
64507
64508
64525
64558
64588
64604
64645
64648
64665
64669
64700
64712
64730
64787
64791
64802
64814
64863
64868
64871
64893
64895
64915
64920
64936
64995
65005
65016
65017
65020
65046
65106
65129
65142
65168
65245
65309
65311
65387
65440
65485
65488
65510
65516
65521
65604
65611
65660
65663
65668
65679
65679
65691
65723
65725
65757
65814
65816
65818
65841
65846
65885
65889
65900
66098
66151
66233
66249
66257
66276
66295
66304
66365
66373
66389
66401
66445
66447
66461
66462
66478
66497
66504
66541
66588
66665
66672
66688
66690
66695
66710
66712
66725
66739
66742
66756
66830
66832
66838
66840
66866
66931
67026
67038
67074
67133
67147
67163
67164
67179
67182
67187
67203
67205
67206
67209
67234
67244
67265
67281
67290
67292
67307
67435
67445
67472
67521
67527
67555
67555
67564
67572
67735
67754
67781
67814
67838
67841
67848
67851
67890
67980
67990
68003
68005
68006
68104
68120
68126
68139
68148
68199
68256
68261
68280
68347
68347
68406
68422
68459
68477
68510
68543
68549
68570
68631
68658
68694
68735
68767
68778
68787
68794
68838
68852
68853
68885
68913
68974
68974
68987
69011
69019
69131
69220
69231
69234
69272
69308
69408
69491
69547
69558
69559
69590
69654
69674
69680
69708
69708
69726
69730
69736
69757
69790
69856
69875
69892
69952
70029
70043
70043
70050
70056
70075
70103
70124
70139
70166
70173
70182
70187
70206
70212
70220
70225
70258
70282
70316
70323
70349
70418
70418
70419
70425
70431
70448
70526
70549
70583
70599
70645
70689
70715
70765
70769
70775
70873
70883
70900
70903
70920
70922
70923
70952
70963
70991
70991
71017
71018
71024
71026
71029
71117
71119
71148
71150
71155
71178
71242
71247
71253
71325
71359
71369
71461
71603
71609
71679
71683
71700
71723
71729
71761
71770
71772
71782
71864
71904
71921
71928
71950
71953
71967
71974
71995
72011
72013
72023
72032
72069
72077
72086
72089
72101
72113
72156
72165
72208
72223
72231
72245
72274
72303
72326
72337
72374
72379
72383
72391
72400
72426
72495
72569
72572
72584
72605
72616
72624
72648
72704
72706
72737
72747
72808
72827
72894
72903
72909
72922
72924
72926
72944
72975
72996
73002
73069
73071
73075
73099
73108
73118
73144
73185
73190
73212
73216
73234
73334
73337
73443
73449
73477
73499
73515
73515
73556
73567
73581
73582
73602
73620
73643
73755
73780
73819
73838
73850
73884
73902
73903
73951
73989
74019
74094
74154
74193
74250
74280
74294
74326
74339
74363
74378
74387
74395
74402
74464
74476
74478
74481
74497
74508
74528
74581
74582
74622
74709
74714
74725
74744
74811
74841
74884
74900
74943
74945
74946
74964
75074
75076
75089
75112
75113
75131
75131
75164
75178
75237
75254
75301
75339
75341
75459
75474
75512
75619
75626
75686
75716
75727
75753
75754
75764
75766
75805
75813
75817
75826
75897
75902
75939
76003
76016
76042
76108
76126
76151
76154
76176
76239
76277
76296
76303
76326
76329
76351
76377
76383
76387
76387
76425
76450
76458
76527
76534
76557
76558
76565
76591
76610
76635
76636
76693
76710
76755
76835
76929
76931
76954
76986
76986
76987
77005
77018
77025
77121
77147
77189
77191
77210
77210
77214
77215
77221
77266
77266
77284
77315
77324
77353
77373
77390
77413
77426
77437
77443
77453
77459
77574
77675
77690
77693
77702
77710
77718
77773
77818
77876
77883
77893
77915
77986
77994
77999
78024
78032
78099
78122
78188
78192
78203
78226
78262
78343
78356
78382
78443
78471
78493
78508
78535
78535
78541
78541
78547
78556
78576
78619
78657
78683
78725
78733
78754
78794
78809
78812
78834
78886
78910
79013
79029
79034
79036
79037
79057
79071
79073
79103
79118
79194
79202
79219
79303
79455
79468
79477
79480
79551
79648
79657
79664
79672
79756
79907
79936
79971
79973
79980
80031
80067
80083
80112
80141
80144
80152
80198
80203
80205
80213
80240
80240
80242
80257
80258
80269
80270
80274
80289
80313
80345
80386
80415
80468
80511
80520
80520
80604
80635
80670
80686
80697
80718
80723
80735
80805
80813
80825
80834
80848
80921
80960
81003
81004
81006
81037
81116
81120
81123
81133
81144
81175
81179
81193
81236
81246
81250
81287
81293
81304
81349
81375
81379
81395
81422
81442
81456
81476
81517
81540
81540
81550
81559
81623
81665
81694
81725
81726
81738
81753
81763
81785
81848
81860
81870
81887
81887
81893
81948
81958
82150
82155
82180
82196
82208
82261
82290
82295
82310
82325
82360
82413
82437
82471
82479
82488
82495
82575
82701
82764
82791
82827
82830
82901
82935
82936
82966
82976
82984
83008
83023
83043
83055
83075
83088
83116
83129
83169
83172
83190
83207
83211
83240
83246
83351
83357
83403
83430
83443
83453
83479
83502
83507
83525
83529
83561
83706
83745
83781
83797
83813
83846
83866
83924
83925
83980
83994
84029
84064
84112
84118
84147
84173
84178
84178
84210
84239
84299
84310
84315
84353
84374
84381
84403
84424
84442
84454
84461
84477
84484
84522
84529
84535
84584
84592
84597
84629
84672
84768
84854
84856
84864
84869
84874
84881
84925
84972
84981
85030
85092
85093
85107
85125
85139
85185
85186
85245
85258
85279
85286
85300
85341
85384
85412
85424
85507
85523
85543
85549
85556
85565
85601
85614
85631
85641
85673
85713
85715
85781
85819
85844
85855
85952
85974
86019
86053
86222
86256
86352
86392
86407
86410
86412
86417
86429
86436
86480
86519
86540
86564
86580
86587
86602
86621
86626
86632
86636
86691
86691
86775
86788
86804
86818
86819
86821
86899
86917
86921
86977
86983
87041
87076
87092
87102
87130
87143
87157
87174
87179
87246
87253
87260
87262
87296
87314
87335
87354
87357
87387
87408
87435
87442
87456
87456
87501
87508
87513
87522
87539
87549
87567
87616
87637
87653
87694
87721
87756
87779
87812
87831
87831
87857
87886
87916
87952
87957
87974
88004
88005
88041
88048
88063
88078
88105
88114
88132
88218
88219
88227
88229
88264
88266
88317
88347
88363
88374
88455
88506
88525
88536
88537
88602
88625
88662
88675
88681
88705
88705
88728
88752
88771
88787
88802
88853
88860
88877
88888
88928
88955
88994
89009
89117
89118
89129
89159
89167
89168
89193
89213
89222
89241
89248
89251
89264
89312
89331
89349
89358
89410
89418
89418
89437
89518
89518
89543
89561
89569
89707
89710
89738
89744
89754
89822
89889
89971
89987
89994
89995
90063
90151
90165
90195
90198
90203
90215
90242
90303
90326
90342
90364
90379
90408
90437
90439
90486
90550
90562
90562
90581
90589
90621
90659
90740
90758
90878
90961
90981
90982
91012
91030
91040
91041
91109
91111
91115
91126
91155
91179
91248
91256
91283
91290
91334
91344
91352
91416
91433
91463
91476
91493
91494
91527
91533
91539
91592
91625
91655
91686
91703
91741
91742
91753
91827
91829
91849
91850
91888
91941
91956
91968
91980
91981
92035
92050
92093
92131
92144
92145
92158
92210
92249
92255
92329
92358
92370
92371
92401
92404
92439
92443
92467
92468
92561
92588
92607
92654
92693
92723
92770
92791
92804
92806
92817
92834
92840
92866
92900
92905
92908
92909
92933
92937
92948
92961
92969
93057
93061
93084
93105
93200
93221
93239
93241
93274
93283
93302
93314
93351
93390
93473
93488
93492
93500
93502
93505
93515
93528
93572
93585
93594
93653
93668
93717
93758
93792
93873
93873
93900
93901
93901
93915
93947
93957
93960
93962
93977
94011
94027
94031
94041
94050
94053
94159
94186
94191
94201
94247
94277
94293
94323
94333
94358
94367
94375
94377
94379
94385
94411
94481
94508
94531
94558
94561
94608
94637
94684
94692
94708
94711
94713
94717
94746
94809
94839
94881
94930
94934
94984
95074
95089
95097
95105
95109
95136
95141
95164
95203
95224
95233
95237
95320
95361
95373
95393
95412
95416
95433
95471
95616
95619
95671
95687
95692
95701
95717
95731
95735
95742
95798
95889
95982
96017
96078
96136
96172
96180
96214
96231
96267
96278
96287
96306
96398
96417
96508
96527
96529
96561
96587
96651
96661
96705
96713
96722
96734
96742
96759
96766
96788
96856
96903
96916
96921
96939
96970
97000
97037
97078
97132
97181
97185
97213
97231
97243
97311
97314
97364
97386
97398
97415
97425
97443
97548
97594
97598
97608
97694
97701
97705
97731
97736
97738
97757
97782
97824
97829
97876
97898
97902
97912
97945
97962
97996
98035
98055
98095
98108
98127
98180
98183
98188
98188
98241
98242
98261
98263
98279
98319
98345
98355
98388
98389
98422
98469
98484
98485
98492
98495
98502
98524
98572
98615
98642
98648
98698
98699
98718
98731
98792
98815
98845
98863
98868
98882
98886
98935
99002
99011
99040
99080
99090
99092
99108
99144
99155
99166
99185
99186
99190
99206
99207
99214
99243
99243
99304
99305
99404
99422
99430
99431
99432
99451
99546
99560
99588
99590
99638
99650
99655
99658
99719
99726
99778
99780
99787
99787
99789
99815
99835
99860
99878
99885
99895
99937
99963
99993
