23
27
29
40
47
58
61
76
82
85
91
93
100
103
115
119
123
138
139
141
143
155
163
173
174
180
180
190
192
194
198
207
210
212
219
224
242
250
251
254
265
272
273
284
286
297
299
299
304
305
306
308
309
314
315
316
321
333
336
341
355
361
365
372
375
379
379
379
381
383
390
399
399
405
407
409
413
414
416
420
448
452
452
458
477
488
491
493
494
511
517
539
548
565
594
606
609
609
619
623
624
673
683
689
699
702
708
714
721
722
722
723
729
733
742
746
747
748
762
764
778
779
783
789
793
799
799
808
813
815
816
825
829
830
836
852
854
855
861
862
864
866
871
878
879
880
895
906
908
915
920
933
936
945
949
951
958
964
965
989
1007
1012
1017
1023
1026
1027
1029
1029
1039
1046
1047
1057
1077
1077
1078
1079
1081
1091
1096
1102
1108
1116
1116
1140
1147
1148
1153
1159
1164
1166
1188
1213
1229
1242
1245
1246
1252
1255
1256
1262
1262
1270
1275
1279
1291
1294
1299
1305
1316
1331
1338
1339
1340
1346
1356
1358
1362
1362
1368
1372
1375
1376
1377
1378
1380
1380
1380
1385
1400
1421
1422
1442
1464
1467
1470
1496
1498
1502
1521
1523
1528
1530
1535
1538
1553
1555
1556
1558
1565
1570
1572
1576
1577
1587
1587
1598
1604
1617
1617
1628
1634
1652
1653
1654
1675
1678
1679
1679
1688
1693
1698
1701
1707
1708
1712
1729
1743
1753
1765
1772
1776
1784
1787
1809
1813
1815
1816
1827
1831
1832
1846
1851
1856
1872
1873
1881
1886
1887
1889
1890
1908
1926
1932
1933
1939
1961
1962
1970
1978
1986
2001
2003
2008
2015
2019
2024
2025
2028
2030
2036
2042
2049
2050
2055
2058
2061
2071
2072
2072
2073
2083
2088
2098
2105
2107
2112
2116
2118
2122
2124
2131
2148
2148
2151
2153
2154
2171
2171
2172
2174
2175
2180
2192
2210
2212
2214
2215
2223
2227
2235
2236
2249
2250
2251
2263
2271
2296
2297
2304
2320
2321
2349
2349
2361
2369
2381
2385
2388
2394
2398
2408
2413
2416
2420
2429
2445
2449
2461
2471
2474
2489
2493
2510
2526
2528
2545
2546
2552
2553
2553
2554
2560
2568
2571
2574
2590
2591
2592
2596
2597
2612
2617
2620
2622
2624
2629
2632
2636
2636
2642
2647
2649
2658
2658
2660
2666
2667
2669
2670
2678
2689
2702
2718
2719
2720
2721
2727
2728
2754
2754
2756
2764
2773
2773
2774
2775
2779
2789
2792
2815
2817
2819
2822
2829
2832
2833
2841
2847
2847
2849
2855
2858
2858
2861
2862
2863
2867
2888
2892
2894
2894
2898
2911
2925
2955
2963
2970
2974
2977
2978
2980
2998
2999
2999
3007
3016
3017
3022
3024
3026
3032
3043
3044
3046
3047
3047
3052
3059
3072
3073
3076
3081
3082
3091
3094
3097
3097
3116
3119
3125
3125
3127
3141
3144
3145
3149
3151
3155
3159
3161
3165
3167
3178
3184
3208
3224
3230
3237
3240
3245
3245
3259
3264
3274
3274
3291
3299
3300
3304
3315
3333
3338
3343
3347
3354
3371
3380
3383
3383
3384
3407
3408
3432
3432
3435
3458
3475
3478
3496
3511
3522
3530
3531
3533
3535
3535
3542
3544
3561
3563
3567
3573
3576
3583
3583
3583
3586
3589
3605
3609
3615
3619
3623
3634
3637
3639
3652
3653
3654
3654
3662
3666
3669
3672
3680
3695
3715
3715
3718
3721
3743
3748
3749
3754
3765
3769
3781
3784
3791
3792
3796
3798
3801
3807
3809
3811
3827
3828
3858
3870
3871
3872
3875
3899
3919
3920
3922
3923
3924
3939
3943
3945
3947
3948
3952
3953
3965
3986
3998
3998
3999
4000
4002
4002
4019
4022
4041
4045
4050
4057
4062
4064
4074
4077
4080
4085
4090
4093
4112
4123
4131
4136
4139
4146
4147
4150
4151
4158
4162
4169
4173
4192
4193
4200
4205
4206
4209
4219
4220
4229
4232
4234
4240
4256
4258
4258
4259
4263
4271
4272
4273
4283
4294
4306
4313
4320
4320
4324
4332
4333
4341
4343
4352
4375
4378
4386
4393
4401
4403
4405
4429
4435
4436
4443
4444
4445
4449
4450
4451
4455
4457
4464
4470
4476
4478
4488
4494
4495
4500
4505
4508
4512
4513
4535
4536
4537
4546
4551
4555
4559
4560
4570
4570
4573
4584
4586
4615
4630
4636
4636
4651
4654
4666
4682
4684
4689
4692
4694
4699
4709
4716
4729
4733
4738
4738
4759
4763
4776
4784
4797
4804
4820
4827
4832
4848
4853
4861
4868
4870
4873
4888
4889
4904
4906
4909
4909
4910
4914
4925
4930
4934
4949
4961
4973
4976
4977
4985
4987
5003
5003
5007
5017
5020
5031
5035
5037
5051
5052
5058
5059
5060
5060
5074
5086
5096
5097
5101
5105
5126
5127
5132
5133
5134
5146
5154
5173
5175
5178
5181
5182
5188
5199
5201
5201
5203
5208
5212
5226
5238
5239
5245
5261
5262
5263
5279
5287
5296
5309
5322
5328
5333
5336
5337
5342
5351
5358
5361
5362
5372
5385
5389
5393
5395
5395
5398
5400
5404
5405
5406
5408
5411
5413
5426
5432
5437
5437
5439
5442
5443
5449
5457
5459
5459
5459
5460
5473
5474
5481
5507
5515
5517
5518
5531
5531
5539
5542
5550
5553
5557
5562
5566
5583
5588
5591
5597
5598
5605
5608
5609
5620
5636
5642
5643
5646
5649
5651
5654
5658
5672
5687
5688
5696
5696
5701
5719
5719
5722
5732
5734
5737
5742
5753
5756
5769
5772
5772
5780
5789
5794
5796
5798
5808
5810
5810
5811
5819
5822
5824
5824
5838
5839
5841
5845
5852
5852
5855
5880
5884
5886
5888
5891
5896
5906
5910
5922
5930
5931
5939
5939
5942
5949
5960
5965
5965
5969
5972
5987
5994
5994
5995
5996
5999
6007
6008
6009
6016
6026
6026
6035
6038
6040
6044
6049
6052
6059
6063
6065
6065
6067
6075
6077
6084
6092
6094
6124
6128
6136
6138
6138
6141
6161
6166
6173
6175
6192
6199
6204
6204
6207
6219
6225
6229
6242
6259
6260
6263
6279
6282
6282
6289
6305
6316
6325
6329
6337
6340
6342
6362
6366
6371
6372
6381
6397
6398
6399
6415
6416
6417
6419
6425
6431
6469
6477
6479
6482
6483
6487
6502
6511
6516
6518
6524
6532
6535
6547
6548
6554
6556
6561
6578
6580
6580
6584
6591
6607
6608
6610
6620
6636
6638
6639
6668
6679
6689
6693
6696
6699
6707
6740
6741
6751
6755
6755
6793
6808
6817
6837
6839
6844
6848
6852
6857
6861
6863
6868
6876
6881
6882
6885
6899
6900
6922
6925
6929
6932
6945
6945
6964
6972
6977
6979
6991
6994
7007
7007
7017
7018
7021
7026
7040
7041
7043
7049
7053
7054
7057
7067
7078
7079
7088
7105
7105
7109
7110
7114
7117
7119
7128
7134
7138
7143
7145
7155
7158
7167
7183
7191
7191
7194
7199
7201
7204
7215
7218
7220
7224
7236
7237
7237
7240
7251
7251
7257
7265
7275
7280
7285
7285
7294
7298
7311
7313
7318
7320
7326
7333
7335
7349
7350
7389
7392
7394
7398
7404
7408
7429
7442
7453
7454
7455
7464
7464
7465
7476
7494
7495
7498
7498
7503
7512
7518
7537
7558
7583
7584
7604
7604
7610
7615
7619
7635
7639
7641
7652
7653
7655
7668
7669
7677
7678
7696
7697
7707
7709
7711
7712
7713
7719
7738
7742
7757
7758
7769
7778
7791
7799
7800
7808
7809
7812
7815
7820
7869
7871
7885
7888
7891
7897
7900
7903
7920
7925
7925
7939
7957
7962
7969
7970
7981
7987
7987
7989
7991
7995
8004
8010
8010
8016
8025
8027
8027
8030
8040
8062
8063
8063
8065
8073
8076
8095
8097
8109
8133
8133
8134
8137
8151
8155
8156
8165
8176
8183
8188
8196
8197
8230
8232
8233
8236
8238
8242
8250
8253
8256
8276
8277
8277
8281
8285
8290
8296
8302
8304
8306
8314
8327
8332
8335
8336
8348
8351
8354
8358
8365
8367
8373
8384
8389
8394
8394
8400
8406
8406
8417
8419
8422
8422
8423
8428
8438
8442
8477
8481
8488
8495
8510
8520
8524
8530
8533
8534
8538
8545
8547
8548
8558
8558
8560
8562
8573
8581
8586
8596
8610
8611
8617
8620
8623
8625
8629
8632
8636
8637
8637
8641
8642
8655
8659
8660
8664
8666
8671
8676
8685
8688
8689
8690
8691
8694
8696
8697
8708
8710
8719
8732
8740
8759
8767
8768
8768
8774
8779
8780
8788
8803
8821
8822
8823
8830
8830
8838
8857
8861
8864
8877
8884
8897
8899
8917
8918
8920
8934
8965
8965
8970
8975
8982
8985
8987
8994
8995
9005
9006
9007
9024
9024
9025
9030
9041
9041
9044
9051
9053
9060
9070
9071
9074
9074
9083
9107
9117
9127
9130
9134
9138
9143
9147
9148
9151
9152
9162
9178
9192
9195
9206
9208
9229
9240
9256
9259
9263
9280
9284
9286
9298
9299
9319
9327
9327
9330
9338
9338
9349
9352
9361
9363
9375
9379
9386
9392
9392
9396
9402
9402
9406
9406
9435
9437
9446
9448
9453
9457
9460
9486
9489
9494
9500
9509
9511
9514
9514
9519
9522
9534
9541
9541
9549
9555
9555
9556
9567
9587
9592
9608
9610
9612
9628
9629
9637
9648
9650
9650
9650
9654
9664
9669
9671
9673
9674
9679
9687
9698
9698
9702
9704
9711
9720
9722
9725
9727
9729
9741
9741
9742
9742
9743
9754
9758
9769
9776
9783
9787
9791
9801
9806
9821
9832
9859
9873
9879
9881
9885
9906
9909
9921
9923
9923
9934
9935
9936
9937
9969
9972
9976
9982
9983
9984
9984
9987
9999
10001
10010
10019
10032
10035
10040
10047
10047
10059
10059
10065
10068
10071
10084
10084
10085
10088
10101
10116
10118
10119
10119
10120
10120
10126
10136
10141
10146
10156
10160
10173
10182
10183
10190
10207
10209
10209
10215
10217
10219
10229
10233
10239
10241
10244
10249
10253
10257
10290
10303
10303
10308
10309
10310
10335
10335
10338
10338
10343
10349
10362
10363
10366
10374
10375
10379
10383
10392
10394
10411
10412
10427
10460
10462
10465
10465
10466
10468
10469
10471
10479
10481
10485
10491
10493
10502
10504
10505
10507
10508
10512
10515
10517
10518
10530
10536
10540
10542
10557
10562
10563
10566
10569
10582
10611
10611
10614
10621
10624
10642
10644
10649
10651
10652
10655
10658
10658
10676
10683
10688
10699
10701
10708
10717
10727
10728
10735
10752
10764
10767
10767
10768
10774
10781
10789
10791
10794
10803
10815
10817
10840
10856
10861
10868
10869
10878
10880
10884
10886
10887
10889
10899
10905
10909
10920
10924
10948
10951
10951
10952
10960
10962
10964
10965
10966
10982
10994
10996
11014
11018
11018
11022
11027
11033
11033
11037
11043
11047
11053
11063
11063
11064
11070
11072
11080
11080
11094
11095
11102
11104
11111
11117
11124
11127
11137
11145
11160
11160
11161
11163
11166
11179
11186
11207
11213
11214
11221
11222
11228
11244
11253
11254
11260
11261
11266
11267
11273
11277
11289
11289
11289
11303
11304
11310
11312
11318
11326
11328
11333
11335
11342
11348
11351
11354
11356
11365
11368
11384
11406
11407
11411
11415
11419
11423
11433
11433
11442
11448
11450
11450
11452
11454
11467
11473
11475
11488
11499
11517
11523
11534
11535
11536
11544
11546
11554
11556
11560
11569
11611
11622
11628
11634
11641
11644
11661
11690
11701
11704
11706
11714
11716
11717
11725
11727
11731
11745
11746
11755
11760
11761
11771
11773
11775
11778
11787
11804
11809
11817
11819
11820
11823
11825
11826
11828
11840
11841
11849
11875
11877
11887
11888
11898
11924
11927
11930
11945
11950
11951
11953
11956
11957
11968
11972
11995
12002
12004
12006
12009
12010
12016
12018
12028
12030
12034
12050
12056
12061
12067
12076
12078
12094
12097
12111
12115
12115
12122
12124
12135
12140
12143
12154
12158
12171
12172
12187
12192
12200
12206
12216
12221
12221
12227
12230
12233
12233
12243
12245
12251
12260
12264
12300
12304
12315
12320
12320
12326
12328
12330
12330
12348
12364
12366
12372
12373
12383
12389
12413
12417
12424
12428
12434
12439
12445
12445
12446
12447
12461
12461
12462
12476
12482
12489
12500
12513
12515
12520
12521
12523
12532
12537
12550
12551
12553
12562
12566
12574
12575
12576
12579
12582
12613
12617
12622
12638
12662
12675
12679
12680
12683
12685
12690
12691
12704
12707
12728
12732
12733
12733
12743
12743
12745
12754
12765
12773
12780
12783
12794
12798
12803
12831
12835
12851
12865
12869
12872
12873
12888
12893
12895
12899
12905
12907
12909
12919
12923
12925
12927
12928
12938
12950
12951
12958
12976
12997
12998
13000
13016
13022
13030
13034
13040
13045
13048
13062
13068
13074
13082
13092
13103
13110
13114
13114
13119
13122
13145
13152
13153
13153
13155
13160
13162
13163
13168
13168
13169
13169
13172
13175
13176
13182
13184
13193
13199
13200
13213
13219
13224
13228
13228
13236
13239
13246
13249
13252
13253
13269
13271
13273
13273
13276
13287
13310
13315
13326
13330
13330
13331
13332
13344
13348
13361
13367
13371
13372
13380
13414
13428
13430
13432
13437
13450
13456
13468
13475
13478
13481
13493
13504
13512
13515
13523
13524
13536
13538
13539
13539
13541
13544
13546
13552
13554
13555
13562
13566
13570
13575
13580
13600
13601
13609
13611
13614
13622
13625
13637
13638
13643
13651
13653
13657
13665
13673
13677
13678
13679
13682
13695
13695
13697
13704
13716
13718
13732
13736
13741
13756
13758
13770
13796
13799
13804
13818
13820
13828
13828
13829
13841
13876
13878
13881
13883
13903
13904
13905
13923
13936
13952
13961
13973
13980
13984
13984
13987
14001
14002
14003
14011
14029
14040
14044
14051
14055
14062
14063
14093
14097
14100
14106
14111
14112
14115
14162
14163
14172
14175
14178
14193
14193
14201
14202
14203
14205
14207
14215
14217
14224
14225
14231
14238
14251
14254
14262
14262
14266
14271
14279
14283
14284
14300
14304
14310
14310
14313
14323
14336
14337
14339
14341
14344
14358
14368
14373
14374
14378
14400
14410
14419
14424
14433
14459
14473
14475
14482
14486
14487
14505
14506
14516
14520
14522
14527
14528
14530
14532
14533
14537
14573
14573
14595
14599
14603
14613
14631
14632
14647
14647
14648
14673
14677
14704
14710
14712
14719
14725
14726
14730
14730
14730
14741
14751
14756
14765
14772
14773
14775
14781
14786
14787
14790
14798
14807
14811
14813
14814
14820
14826
14835
14856
14856
14864
14865
14870
14873
14873
14876
14902
14902
14912
14916
14916
14918
14924
14931
14935
14940
14945
14949
14950
14952
14954
14956
14959
14964
14974
14987
14989
14993
14995
14998
14999
15016
15023
15033
15044
15058
15079
15081
15094
15108
15108
15111
15113
15124
15126
15130
15131
15154
15156
15161
15164
15172
15173
15185
15186
15189
15191
15194
15198
15200
15216
15221
15222
15226
15234
15241
15244
15248
15261
15265
15271
15273
15274
15276
15284
15286
15306
15325
15327
15338
15339
15347
15352
15356
15364
15378
15379
15380
15382
15388
15411
15423
15428
15434
15437
15462
15478
15480
15492
15492
15495
15496
15497
15499
15503
15509
15510
15523
15538
15538
15573
15574
15575
15583
15584
15601
15611
15617
15617
15619
15625
15626
15627
15628
15640
15642
15654
15662
15662
15676
15688
15688
15690
15711
15716
15724
15726
15730
15732
15734
15747
15751
15755
15767
15788
15792
15796
15797
15798
15798
15799
15802
15810
15810
15816
15825
15829
15832
15843
15851
15865
15888
15891
15895
15901
15926
15928
15929
15937
15938
15948
15950
15960
15962
15963
15967
15970
15972
15974
15978
15979
15986
15994
15995
15996
16002
16005
16011
16013
16017
16033
16042
16045
16052
16054
16055
16060
16063
16067
16068
16089
16091
16096
16097
16109
16116
16127
16145
16145
16146
16147
16152
16156
16158
16164
16169
16188
16192
16195
16196
16199
16217
16219
16220
16221
16235
16236
16237
16238
16242
16244
16244
16259
16266
16268
16269
16270
16281
16294
16304
16315
16316
16317
16326
16335
16346
16355
16366
16367
16378
16381
16385
16387
16395
16418
16430
16433
16447
16449
16480
16507
16511
16521
16539
16545
16549
16563
16568
16569
16578
16580
16592
16597
16600
16615
16617
16631
16633
16638
16645
16647
16648
16648
16649
16662
16667
16667
16668
16670
16673
16681
16688
16688
16695
16700
16701
16705
16705
16708
16709
16714
16714
16721
16727
16736
16759
16759
16781
16784
16785
16792
16795
16803
16807
16813
16813
16818
16819
16822
16822
16825
16834
16841
16848
16851
16857
16868
16869
16872
16891
16896
16905
16907
16919
16920
16927
16933
16939
16940
16951
16956
16965
16966
16972
16973
16979
16985
16995
16997
17008
17016
17021
17031
17032
17037
17040
17045
17054
17056
17059
17065
17066
17068
17069
17074
17083
17090
17101
17121
17137
17164
17164
17174
17176
17178
17182
17190
17219
17248
17283
17284
17285
17288
17297
17302
17315
17324
17334
17337
17345
17347
17354
17365
17379
17385
17401
17403
17416
17437
17437
17439
17440
17443
17454
17457
17460
17473
17479
17481
17494
17498
17498
17507
17515
17516
17522
17534
17536
17537
17556
17571
17572
17574
17577
17579
17581
17581
17581
17591
17592
17608
17611
17612
17614
17623
17625
17642
17645
17652
17656
17658
17661
17663
17667
17669
17669
17675
17677
17680
17687
17688
17693
17696
17699
17703
17703
17709
17712
17719
17725
17739
17741
17754
17755
17770
17770
17777
17783
17786
17788
17796
17797
17807
17810
17817
17833
17833
17851
17864
17868
17872
17873
17877
17878
17879
17880
17882
17885
17887
17900
17902
17903
17907
17912
17916
17930
17944
17945
17952
17954
17966
17979
17989
18001
18009
18009
18019
18021
18024
18030
18030
18038
18042
18043
18045
18045
18046
18052
18066
18072
18074
18076
18084
18094
18095
18101
18106
18113
18117
18120
18123
18124
18137
18146
18151
18157
18164
18166
18173
18190
18196
18208
18216
18221
18229
18231
18233
18234
18243
18245
18250
18253
18258
18264
18271
18273
18275
18276
18289
18289
18291
18293
18296
18306
18310
18320
18322
18322
18325
18333
18338
18349
18352
18354
18360
18362
18368
18380
18386
18388
18397
18414
18422
18425
18429
18430
18440
18444
18469
18480
18481
18485
18493
18516
18531
18533
18539
18543
18554
18560
18563
18576
18604
18605
18609
18620
18627
18628
18629
18630
18659
18668
18671
18673
18678
18684
18704
18711
18725
18726
18741
18759
18762
18771
18773
18775
18783
18786
18794
18799
18807
18812
18818
18825
18830
18835
18840
18844
18847
18847
18859
18865
18867
18868
18882
18882
18893
18896
18902
18908
18911
18916
18921
18930
18931
18940
18949
18951
18955
18967
18977
18994
19005
19016
19025
19028
19035
19056
19068
19086
19095
19108
19128
19131
19136
19139
19143
19148
19151
19152
19154
19155
19168
19178
19180
19182
19185
19192
19194
19197
19202
19203
19203
19205
19215
19217
19265
19266
19272
19277
19278
19284
19285
19291
19303
19308
19314
19321
19324
19329
19330
19350
19354
19360
19396
19399
19411
19415
19423
19426
19433
19439
19443
19443
19447
19453
19455
19458
19460
19460
19461
19461
19468
19490
19491
19494
19497
19497
19504
19507
19508
19523
19525
19530
19536
19540
19552
19560
19560
19562
19563
19584
19586
19586
19593
19614
19625
19639
19640
19642
19658
19661
19662
19668
19688
19691
19693
19695
19696
19700
19702
19715
19716
19721
19729
19737
19744
19746
19757
19784
19802
19805
19810
19822
19825
19831
19838
19839
19850
19850
19856
19868
19876
19878
19886
19888
19891
19894
19894
19895
19900
19907
19907
19922
19929
19940
19943
19946
19948
19951
19951
19955
19960
19962
19967
19983
20011
20018
20019
20021
20024
20028
20029
20033
20036
20041
20046
20046
20058
20061
20076
20077
20080
20083
20097
20100
20107
20109
20113
20116
20122
20122
20132
20133
20134
20136
20137
20144
20146
20160
20163
20168
20174
20175
20185
20186
20197
20204
20219
20220
20232
20244
20254
20267
20274
20285
20294
20299
20307
20334
20341
20355
20359
20360
20361
20361
20380
20385
20397
20398
20409
20427
20428
20449
20457
20493
20496
20504
20514
20514
20517
20520
20522
20525
20544
20546
20548
20552
20569
20574
20581
20591
20597
20600
20609
20613
20618
20632
20636
20645
20647
20648
20651
20651
20654
20654
20657
20657
20688
20689
20692
20696
20698
20711
20719
20721
20722
20724
20746
20752
20754
20754
20757
20766
20772
20783
20784
20793
20803
20807
20813
20821
20821
20841
20849
20853
20857
20858
20873
20885
20891
20896
20898
20898
20911
20923
20934
20937
20951
20954
20954
20964
20968
20971
20972
20974
20988
21001
21013
21031
21037
21038
21062
21062
21072
21074
21078
21084
21103
21112
21116
21122
21136
21145
21145
21167
21177
21180
21196
21197
21198
21204
21215
21221
21222
21233
21237
21239
21267
21267
21268
21273
21280
21282
21295
21298
21299
21299
21308
21315
21323
21327
21333
21335
21338
21338
21345
21367
21374
21376
21378
21383
21386
21393
21399
21407
21415
21421
21426
21427
21433
21445
21450
21455
21455
21464
21468
21469
21472
21503
21505
21506
21506
21506
21517
21518
21529
21530
21541
21546
21560
21575
21580
21589
21594
21596
21596
21603
21617
21619
21622
21626
21627
21629
21644
21645
21645
21649
21650
21653
21654
21658
21660
21674
21678
21687
21721
21726
21728
21729
21730
21735
21735
21750
21754
21756
21759
21763
21767
21769
21775
21775
21789
21790
21794
21795
21796
21798
21813
21815
21831
21833
21838
21847
21847
21848
21861
21861
21861
21863
21875
21877
21882
21889
21891
21895
21909
21914
21930
21939
21947
21952
21957
21965
21972
21973
21976
21984
21986
21991
21992
21997
21998
22000
22001
22007
22021
22031
22037
22038
22039
22046
22053
22058
22067
22069
22072
22078
22082
22096
22099
22117
22124
22132
22151
22153
22157
22160
22164
22168
22170
22171
22178
22184
22186
22193
22195
22195
22207
22211
22211
22213
22219
22224
22237
22239
22243
22248
22251
22251
22252
22262
22291
22293
22307
22310
22319
22320
22333
22347
22361
22363
22370
22371
22383
22385
22394
22397
22397
22399
22400
22408
22419
22427
22432
22440
22448
22453
22456
22456
22469
22488
22489
22492
22495
22496
22496
22505
22509
22510
22514
22515
22526
22533
22539
22550
22551
22556
22563
22567
22568
22569
22576
22578
22593
22593
22594
22602
22610
22619
22623
22628
22633
22635
22637
22637
22638
22640
22644
22646
22649
22651
22653
22688
22693
22695
22695
22695
22707
22710
22713
22716
22736
22742
22753
22754
22757
22760
22763
22767
22770
22774
22777
22788
22791
22793
22794
22802
22819
22819
22832
22833
22836
22841
22856
22861
22861
22868
22869
22870
22877
22890
22891
22891
22901
22904
22911
22911
22912
22914
22937
22950
22956
22963
22965
22967
22967
22970
22975
22977
22981
22992
22997
23002
23005
23009
23009
23010
23018
23030
23039
23046
23064
23065
23069
23072
23073
23076
23077
23084
23119
23121
23128
23150
23157
23161
23166
23167
23180
23185
23187
23201
23211
23213
23221
23225
23241
23244
23264
23292
23293
23295
23334
23340
23347
23359
23361
23365
23377
23385
23388
23392
23406
23409
23424
23432
23456
23468
23472
23491
23497
23504
23511
23520
23531
23534
23539
23544
23552
23554
23561
23565
23573
23579
23580
23580
23588
23591
23594
23598
23601
23603
23611
23634
23638
23658
23665
23681
23691
23698
23711
23711
23714
23720
23724
23725
23729
23733
23747
23752
23752
23759
23766
23771
23774
23775
23775
23779
23790
23795
23797
23808
23809
23834
23857
23861
23869
23876
23888
23912
23922
23926
23930
23930
23944
23946
23955
23972
23977
24007
24014
24019
24021
24024
24025
24036
24042
24067
24078
24079
24081
24083
24085
24089
24114
24120
24128
24145
24156
24167
24181
24190
24201
24207
24210
24225
24225
24240
24249
24252
24255
24256
24261
24279
24281
24282
24283
24308
24310
24311
24312
24327
24328
24331
24334
24335
24337
24345
24347
24354
24364
24367
24367
24371
24392
24395
24398
24401
24418
24420
24438
24461
24465
24468
24473
24476
24489
24493
24497
24505
24507
24511
24515
24520
24534
24543
24551
24553
24568
24569
24582
24594
24595
24596
24599
24605
24615
24620
24625
24628
24635
24645
24650
24650
24662
24664
24666
24668
24669
24670
24675
24677
24681
24700
24703
24705
24706
24708
24715
24723
24725
24727
24731
24737
24745
24748
24751
24752
24759
24760
24769
24776
24788
24790
24804
24810
24810
24814
24823
24827
24831
24835
24836
24843
24846
24849
24864
24871
24872
24876
24879
24880
24880
24882
24883
24884
24904
24905
24911
24920
24932
24937
24942
24945
24950
24967
24968
24969
24969
24976
24977
24982
24986
24990
24997
24998
25000
25008
25031
25032
25042
25068
25068
25070
25070
25072
25077
25079
25096
25097
25099
25101
25106
25123
25126
25130
25142
25151
25159
25163
25165
25180
25185
25187
25187
25205
25206
25214
25220
25224
25231
25239
25240
25247
25249
25275
25278
25281
25282
25283
25286
25289
25318
25319
25321
25324
25330
25332
25338
25345
25348
25366
25367
25368
25376
25376
25378
25390
25392
25400
25416
25417
25425
25452
25452
25458
25462
25462
25465
25466
25474
25485
25499
25499
25505
25507
25511
25519
25520
25522
25545
25549
25555
25577
25585
25615
25615
25620
25627
25636
25648
25670
25671
25678
25686
25715
25716
25718
25720
25722
25727
25736
25737
25741
25749
25759
25762
25763
25770
25787
25792
25794
25799
25803
25813
25829
25830
25835
25839
25842
25842
25847
25850
25851
25855
25856
25860
25862
25868
25870
25883
25909
25913
25924
25933
25953
25954
25971
25986
25989
25995
26005
26008
26011
26013
26018
26031
26035
26036
26064
26069
26070
26078
26095
26105
26110
26124
26124
26125
26126
26128
26129
26134
26135
26139
26149
26150
26154
26162
26165
26175
26196
26224
26224
26231
26241
26245
26246
26252
26264
26303
26311
26314
26319
26324
26325
26327
26335
26343
26348
26360
26360
26362
26362
26367
26368
26373
26389
26393
26403
26408
26422
26437
26437
26442
26463
26464
26466
26468
26469
26495
26496
26497
26501
26505
26509
26511
26512
26533
26535
26537
26545
26555
26558
26568
26575
26595
26598
26599
26618
26640
26648
26653
26657
26659
26669
26675
26680
26694
26695
26696
26702
26706
26711
26715
26723
26732
26734
26735
26740
26743
26757
26764
26771
26795
26797
26803
26808
26809
26810
26816
26820
26823
26832
26836
26850
26878
26882
26883
26886
26906
26913
26918
26920
26930
26938
26941
26947
26955
26956
26958
26960
26964
26965
26966
26977
26978
26978
26986
26990
26997
27001
27002
27003
27013
27014
27014
27015
27022
27023
27035
27041
27055
27086
27091
27101
27103
27107
27107
27108
27112
27117
27119
27134
27135
27142
27143
27155
27158
27162
27167
27173
27181
27201
27203
27211
27219
27223
27224
27230
27233
27237
27241
27241
27246
27248
27248
27255
27258
27262
27263
27265
27275
27285
27292
27313
27316
27322
27324
27326
27328
27332
27336
27337
27341
27349
27357
27362
27367
27368
27370
27371
27374
27381
27382
27382
27383
27390
27391
27396
27397
27402
27403
27404
27415
27417
27429
27434
27450
27459
27470
27482
27489
27490
27490
27494
27499
27507
27522
27526
27527
27529
27535
27542
27551
27558
27567
27572
27589
27603
27607
27611
27616
27621
27624
27628
27637
27637
27643
27651
27657
27661
27662
27663
27664
27684
27689
27689
27691
27705
27719
27722
27735
27743
27753
27756
27767
27771
27774
27789
27790
27790
27792
27797
27797
27797
27804
27806
27820
27825
27830
27833
27849
27855
27858
27863
27881
27885
27888
27894
27905
27916
27923
27940
27943
27946
27948
27955
27956
27958
27991
28006
28010
28017
28033
28051
28055
28061
28064
28068
28079
28089
28099
28102
28104
28110
28113
28121
28125
28132
28142
28144
28153
28154
28156
28158
28159
28171
28183
28190
28197
28206
28210
28212
28214
28220
28226
28226
28231
28235
28242
28256
28261
28267
28270
28271
28273
28274
28276
28287
28306
28319
28327
28330
28331
28333
28347
28353
28356
28357
28359
28360
28362
28363
28368
28377
28379
28387
28390
28391
28391
28394
28394
28396
28400
28433
28436
28449
28452
28464
28467
28471
28497
28499
28501
28505
28511
28514
28529
28533
28535
28540
28544
28554
28568
28569
28570
28575
28577
28578
28589
28603
28611
28614
28614
28620
28630
28633
28637
28646
28652
28655
28662
28681
28682
28683
28684
28685
28700
28715
28725
28745
28769
28774
28775
28804
28808
28827
28834
28839
28848
28862
28866
28869
28869
28886
28893
28899
28905
28917
28922
28934
28944
28946
28947
28965
28969
28972
28986
28992
28999
29004
29013
29015
29015
29027
29028
29036
29039
29054
29057
29058
29063
29069
29070
29073
29074
29077
29077
29081
29085
29086
29091
29097
29122
29154
29163
29166
29169
29182
29187
29191
29193
29214
29218
29220
29231
29232
29235
29238
29245
29255
29261
29262
29264
29264
29279
29279
29292
29296
29318
29326
29329
29330
29334
29334
29350
29351
29353
29360
29364
29366
29371
29377
29385
29396
29401
29402
29413
29424
29430
29440
29441
29449
29453
29453
29454
29458
29465
29469
29474
29483
29488
29490
29496
29497
29504
29526
29531
29536
29540
29552
29554
29556
29559
29571
29574
29579
29581
29594
29615
29618
29618
29645
29648
29659
29669
29670
29672
29672
29673
29676
29687
29695
29695
29696
29701
29702
29734
29736
29740
29742
29742
29756
29760
29767
29768
29771
29789
29794
29798
29809
29812
29817
29817
29820
29824
29831
29835
29846
29848
29865
29865
29867
29892
29904
29905
29907
29910
29912
29916
29921
29924
29932
29940
29941
29952
29956
29963
29963
29969
29969
29976
30001
30004
30031
30031
30048
30048
30052
30057
30060
30066
30066
30075
30077
30089
30092
30093
30095
30097
30098
30100
30102
30109
30116
30120
30139
30155
30159
30172
30183
30183
30184
30187
30194
30206
30211
30219
30244
30251
30254
30267
30273
30274
30280
30282
30286
30288
30288
30290
30293
30301
30303
30325
30326
30326
30334
30343
30346
30358
30359
30366
30368
30370
30382
30394
30401
30411
30420
30423
30426
30427
30431
30431
30433
30436
30436
30437
30444
30451
30455
30456
30463
30477
30479
30479
30481
30485
30489
30490
30493
30497
30498
30511
30513
30519
30521
30526
30531
30541
30543
30563
30567
30571
30577
30583
30584
30585
30590
30591
30591
30598
30603
30606
30614
30615
30616
30618
30623
30640
30650
30656
30660
30668
30670
30678
30682
30686
30691
30693
30700
30703
30703
30707
30723
30738
30739
30739
30753
30754
30756
30772
30785
30786
30805
30810
30812
30813
30814
30815
30822
30829
30830
30832
30833
30835
30835
30847
30869
30870
30870
30877
30921
30925
30926
30953
30957
30965
30967
30971
30985
30986
30990
30993
31006
31009
31010
31017
31024
31025
31026
31037
31043
31044
31062
31064
31079
31088
31090
31092
31100
31110
31115
31116
31119
31122
31124
31130
31136
31138
31148
31152
31164
31167
31170
31181
31182
31183
31187
31187
31188
31198
31199
31208
31214
31219
31220
31241
31243
31252
31256
31265
31269
31269
31270
31280
31297
31305
31323
31328
31329
31329
31331
31343
31356
31373
31379
31383
31384
31385
31386
31387
31388
31394
31397
31403
31413
31427
31433
31444
31448
31450
31464
31465
31476
31486
31487
31493
31495
31520
31539
31540
31559
31564
31571
31572
31577
31597
31605
31609
31623
31625
31633
31644
31647
31663
31664
31675
31685
31685
31691
31691
31693
31702
31703
31709
31712
31713
31719
31725
31730
31739
31754
31760
31763
31764
31766
31766
31775
31775
31792
31794
31803
31805
31811
31819
31823
31843
31848
31853
31865
31872
31873
31875
31881
31883
31892
31897
31913
31917
31925
31927
31931
31936
31947
31948
31949
31957
31971
31975
31983
31986
31997
31998
31999
32015
32028
32041
32042
32090
32092
32092
32100
32104
32105
32107
32111
32120
32123
32124
32124
32130
32141
32141
32156
32161
32170
32195
32207
32208
32212
32216
32216
32217
32232
32243
32245
32246
32246
32248
32249
32254
32256
32258
32262
32264
32268
32270
32280
32280
32282
32285
32287
32288
32288
32290
32291
32296
32300
32308
32310
32312
32337
32342
32355
32366
32372
32375
32376
32377
32380
32381
32383
32394
32398
32402
32411
32414
32418
32421
32433
32440
32450
32463
32473
32473
32477
32478
32482
32484
32488
32489
32495
32496
32501
32504
32510
32517
32519
32522
32528
32535
32537
32544
32544
32546
32547
32562
32567
32567
32568
32581
32583
32583
32587
32590
32600
32612
32616
32622
32624
32629
32631
32633
32635
32642
32646
32652
32660
32663
32667
32676
32678
32681
32681
32695
32697
32703
32710
32713
32714
32720
32726
32727
32734
32740
32740
32743
32747
32749
32751
32753
32758
32767
32768
32779
32808
32830
32835
32836
32838
32851
32853
32880
32881
32885
32885
32887
32896
32898
32912
32913
32919
32922
32924
32935
32938
32948
32948
32948
32955
32957
32959
32963
32964
32966
32966
32967
32985
32994
33003
33014
33020
33025
33028
33031
33039
33040
33047
33050
33087
33104
33119
33126
33132
33140
33142
33146
33167
33177
33200
33211
33222
33222
33248
33248
33268
33273
33283
33285
33288
33290
33294
33299
33302
33303
33307
33309
33323
33338
33343
33344
33348
33351
33351
33355
33356
33358
33361
33365
33367
33372
33380
33395
33402
33438
33456
33457
33459
33479
33484
33484
33497
33498
33505
33507
33508
33509
33510
33511
33522
33522
33528
33530
33530
33532
33535
33536
33540
33548
33553
33554
33555
33562
33579
33581
33587
33599
33608
33624
33624
33625
33625
33634
33638
33645
33660
33663
33666
33673
33675
33676
33677
33687
33687
33690
33714
33717
33719
33735
33764
33769
33784
33784
33801
33805
33805
33816
33829
33842
33848
33853
33864
33869
33870
33872
33873
33877
33878
33883
33889
33893
33895
33897
33927
33936
33937
33949
33952
33953
33962
33965
33965
33969
33973
33976
33977
33980
33989
33992
33995
34005
34014
34020
34025
34032
34035
34039
34046
34046
34049
34052
34068
34081
34082
34091
34096
34099
34102
34105
34111
34111
34118
34129
34129
34132
34151
34161
34164
34165
34175
34175
34187
34192
34192
34194
34195
34196
34199
34211
34219
34220
34226
34228
34231
34232
34235
34239
34239
34253
34254
34263
34269
34274
34290
34290
34290
34293
34297
34298
34298
34303
34316
34317
34325
34326
34340
34353
34357
34358
34363
34369
34397
34398
34398
34406
34406
34406
34408
34410
34412
34416
34417
34419
34425
34426
34428
34434
34438
34449
34453
34458
34459
34461
34471
34478
34504
34512
34513
34532
34536
34536
34539
34547
34550
34556
34556
34560
34569
34572
34574
34576
34576
34582
34587
34595
34600
34600
34609
34632
34640
34642
34650
34651
34652
34670
34673
34676
34684
34684
34710
34713
34734
34739
34749
34755
34756
34757
34758
34764
34779
34785
34792
34799
34809
34815
34820
34821
34824
34828
34830
34831
34850
34864
34866
34870
34873
34879
34880
34885
34895
34896
34898
34908
34918
34925
34927
34935
34939
34942
34951
34951
34960
34972
34972
34974
34976
34979
34979
34983
34984
34987
34994
34994
35014
35019
35029
35031
35032
35033
35053
35068
35069
35070
35080
35082
35083
35085
35093
35098
35099
35116
35132
35134
35138
35148
35149
35150
35158
35179
35193
35195
35202
35207
35224
35226
35228
35238
35241
35241
35243
35248
35259
35264
35264
35266
35268
35269
35274
35274
35292
35293
35306
35308
35313
35333
35353
35355
35358
35364
35372
35375
35391
35391
35417
35435
35435
35448
35450
35451
35451
35455
35456
35457
35461
35462
35468
35485
35488
35489
35490
35493
35495
35502
35521
35542
35551
35552
35555
35564
35569
35570
35570
35576
35580
35596
35619
35624
35628
35629
35634
35649
35666
35674
35675
35678
35684
35685
35694
35711
35718
35722
35728
35743
35745
35747
35753
35756
35776
35777
35780
35788
35789
35792
35797
35799
35801
35807
35813
35817
35825
35849
35850
35861
35866
35870
35871
35872
35872
35898
35912
35915
35920
35931
35932
35935
35943
35951
35952
35953
35953
35955
35956
35957
35959
35961
35964
35968
35970
35970
35974
35982
35983
35984
35994
36004
36027
36038
36040
36043
36047
36051
36052
36052
36057
36059
36059
36068
36070
36090
36094
36096
36106
36111
36112
36119
36121
36128
36130
36137
36141
36148
36151
36159
36170
36233
36236
36240
36240
36244
36251
36252
36257
36260
36260
36263
36267
36274
36280
36283
36289
36291
36293
36295
36304
36311
36322
36323
36327
36332
36336
36359
36363
36364
36378
36380
36389
36396
36400
36401
36414
36434
36437
36441
36448
36457
36463
36464
36471
36485
36492
36494
36498
36502
36504
36507
36513
36515
36516
36518
36520
36525
36534
36554
36557
36558
36571
36572
36575
36575
36580
36581
36582
36587
36587
36596
36601
36607
36619
36620
36621
36625
36627
36628
36633
36636
36642
36648
36653
36662
36680
36682
36685
36689
36691
36695
36699
36702
36705
36707
36710
36724
36724
36739
36745
36747
36750
36751
36758
36758
36768
36772
36774
36782
36799
36808
36810
36819
36854
36865
36870
36872
36877
36884
36887
36888
36891
36900
36916
36923
36942
36944
36946
36951
36971
36985
36993
36995
36998
37001
37004
37009
37045
37055
37055
37056
37058
37061
37061
37065
37068
37070
37071
37072
37094
37102
37102
37106
37117
37117
37126
37148
37152
37154
37155
37165
37169
37184
37187
37224
37231
37232
37239
37241
37244
37247
37253
37257
37265
37268
37291
37298
37315
37330
37336
37348
37354
37355
37357
37361
37379
37383
37387
37388
37390
37400
37401
37409
37411
37412
37413
37419
37421
37423
37425
37429
37432
37452
37455
37472
37490
37492
37499
37510
37511
37513
37524
37527
37538
37538
37565
37567
37571
37573
37586
37589
37597
37598
37600
37601
37620
37623
37627
37627
37652
37656
37661
37662
37670
37670
37673
37687
37687
37699
37701
37709
37710
37722
37722
37724
37726
37727
37744
37745
37751
37752
37755
37759
37777
37779
37780
37780
37781
37782
37790
37791
37797
37803
37822
37824
37836
37836
37839
37851
37856
37864
37868
37878
37882
37895
37897
37897
37907
37919
37924
37927
37942
37959
37962
37978
37979
37981
37981
37982
37993
38008
38010
38015
38023
38023
38024
38041
38052
38065
38072
38075
38084
38087
38090
38096
38098
38100
38101
38108
38117
38120
38121
38125
38126
38126
38139
38139
38146
38156
38157
38160
38200
38206
38212
38215
38216
38223
38233
38246
38254
38258
38288
38292
38294
38301
38303
38315
38326
38344
38345
38347
38355
38356
38356
38370
38408
38409
38417
38420
38425
38427
38428
38430
38445
38445
38448
38451
38464
38465
38469
38470
38471
38480
38482
38484
38493
38498
38498
38502
38511
38523
38535
38538
38544
38545
38552
38564
38565
38576
38598
38601
38602
38614
38616
38623
38630
38631
38637
38637
38638
38651
38661
38669
38682
38688
38689
38690
38693
38696
38699
38699
38709
38713
38721
38723
38753
38755
38758
38761
38782
38788
38796
38806
38806
38816
38833
38835
38843
38857
38866
38878
38878
38880
38891
38892
38898
38906
38920
38921
38926
38926
38944
38960
38960
38975
38979
38979
38980
38981
38988
38988
38996
39000
39002
39003
39011
39016
39017
39028
39030
39034
39052
39074
39087
39095
39103
39109
39118
39118
39119
39120
39128
39134
39138
39156
39160
39168
39191
39207
39208
39227
39233
39237
39243
39249
39256
39259
39264
39265
39268
39270
39273
39279
39288
39303
39310
39320
39320
39326
39327
39336
39348
39349
39357
39366
39374
39375
39390
39393
39397
39405
39408
39410
39411
39417
39418
39422
39428
39429
39431
39445
39448
39449
39459
39459
39463
39472
39479
39488
39493
39494
39498
39517
39531
39531
39536
39538
39560
39587
39589
39589
39607
39614
39624
39635
39649
39653
39658
39661
39663
39666
39680
39683
39691
39697
39700
39706
39716
39742
39742
39749
39772
39775
39785
39786
39790
39804
39804
39804
39814
39833
39843
39856
39866
39872
39875
39876
39885
39886
39890
39903
39929
39932
39940
39946
39953
39955
39958
39961
39964
39965
39968
39974
39978
39980
40008
40020
40024
40024
40032
40037
40061
40061
40065
40074
40088
40101
40102
40102
40106
40108
40109
40111
40146
40146
40148
40149
40151
40161
40178
40185
40198
40199
40199
40223
40240
40244
40281
40283
40284
40295
40313
40313
40314
40323
40325
40331
40333
40337
40340
40341
40344
40344
40344
40347
40354
40355
40360
40361
40374
40380
40397
40402
40406
40409
40422
40426
40436
40437
40439
40444
40445
40450
40452
40463
40463
40463
40464
40466
40470
40472
40472
40475
40486
40488
40489
40507
40516
40522
40522
40529
40539
40543
40546
40556
40556
40567
40568
40582
40584
40589
40592
40595
40600
40603
40607
40611
40622
40622
40625
40650
40651
40662
40663
40664
40671
40676
40696
40698
40705
40711
40711
40715
40728
40740
40741
40742
40743
40748
40752
40753
40761
40762
40762
40762
40763
40772
40775
40777
40784
40791
40793
40811
40818
40819
40842
40844
40850
40858
40858
40859
40865
40866
40875
40880
40887
40889
40896
40920
40920
40923
40937
40941
40943
40963
40970
40975
40984
40998
41004
41007
41009
41011
41018
41022
41022
41037
41047
41053
41065
41075
41080
41084
41103
41117
41119
41125
41128
41137
41144
41154
41161
41172
41188
41193
41196
41197
41203
41205
41219
41221
41231
41241
41268
41269
41277
41286
41295
41296
41297
41307
41313
41314
41319
41321
41321
41328
41333
41334
41336
41345
41350
41363
41374
41377
41386
41387
41391
41403
41404
41410
41410
41413
41413
41414
41416
41418
41419
41422
41431
41433
41449
41449
41461
41464
41468
41483
41485
41487
41493
41498
41503
41509
41518
41537
41540
41567
41574
41576
41586
41587
41592
41607
41607
41608
41613
41617
41620
41633
41640
41651
41653
41658
41665
41686
41702
41708
41710
41713
41719
41734
41734
41744
41745
41746
41759
41761
41762
41772
41784
41787
41793
41796
41800
41804
41812
41817
41822
41824
41832
41840
41840
41842
41846
41849
41852
41856
41857
41862
41865
41871
41872
41879
41907
41908
41912
41920
41920
41937
41939
41946
41958
41961
41969
41981
41981
41989
41994
41996
42003
42004
42007
42010
42028
42043
42046
42050
42058
42069
42073
42074
42089
42089
42092
42093
42097
42099
42100
42100
42115
42116
42117
42132
42133
42141
42149
42166
42166
42166
42178
42201
42206
42218
42223
42235
42237
42245
42258
42270
42309
42313
42339
42351
42355
42361
42361
42364
42364
42365
42369
42373
42390
42393
42402
42421
42430
42442
42459
42459
42462
42466
42476
42476
42488
42498
42505
42507
42508
42510
42514
42520
42528
42540
42540
42540
42553
42554
42563
42571
42572
42573
42575
42576
42583
42585
42599
42606
42618
42635
42635
42636
42640
42655
42655
42658
42658
42660
42670
42683
42700
42708
42718
42740
42741
42742
42744
42770
42777
42784
42785
42785
42787
42795
42808
42809
42812
42814
42815
42820
42825
42829
42832
42834
42836
42886
42889
42889
42899
42900
42905
42929
42938
42939
42946
42949
42958
42959
42960
42965
42965
42988
43005
43010
43012
43013
43030
43037
43051
43053
43054
43059
43064
43065
43069
43070
43073
43077
43085
43093
43094
43100
43106
43116
43120
43131
43134
43147
43157
43162
43169
43180
43182
43190
43192
43197
43204
43209
43217
43221
43221
43232
43237
43237
43245
43249
43253
43254
43256
43264
43279
43288
43295
43300
43308
43316
43320
43321
43335
43335
43339
43341
43343
43353
43356
43360
43366
43370
43373
43383
43384
43384
43394
43414
43424
43427
43429
43435
43437
43444
43453
43455
43460
43461
43471
43475
43485
43495
43495
43499
43500
43507
43508
43510
43511
43515
43521
43527
43531
43534
43540
43558
43565
43565
43579
43620
43620
43622
43625
43630
43631
43640
43643
43645
43648
43649
43650
43652
43679
43689
43693
43695
43701
43716
43725
43726
43734
43735
43736
43751
43751
43754
43755
43757
43764
43766
43779
43779
43781
43781
43782
43790
43792
43803
43806
43809
43809
43821
43823
43833
43841
43879
43881
43882
43883
43886
43889
43890
43892
43894
43903
43907
43909
43937
43938
43939
43948
43952
43961
43965
43967
43970
43970
43974
43975
43976
43981
44000
44000
44007
44008
44024
44029
44043
44047
44057
44059
44066
44070
44071
44080
44082
44084
44087
44100
44104
44104
44105
44105
44113
44124
44125
44128
44131
44137
44149
44152
44152
44176
44194
44205
44206
44211
44212
44221
44225
44255
44261
44261
44265
44271
44278
44288
44295
44306
44318
44323
44329
44329
44351
44358
44368
44375
44380
44381
44384
44388
44397
44414
44422
44428
44432
44438
44442
44463
44463
44464
44466
44469
44471
44473
44476
44476
44489
44492
44498
44507
44511
44512
44513
44523
44524
44528
44533
44534
44536
44537
44549
44568
44573
44578
44580
44584
44600
44610
44611
44634
44642
44647
44649
44652
44665
44665
44669
44673
44699
44700
44714
44715
44719
44726
44728
44736
44739
44741
44759
44765
44768
44771
44772
44782
44788
44789
44793
44794
44794
44810
44811
44814
44814
44816
44821
44834
44837
44840
44854
44856
44868
44874
44879
44884
44893
44896
44918
44920
44933
44938
44945
44946
44948
44961
44975
44998
45001
45002
45003
45006
45011
45028
45059
45070
45071
45086
45097
45106
45115
45116
45122
45122
45124
45133
45178
45202
45203
45217
45218
45218
45233
45262
45265
45273
45282
45284
45292
45292
45298
45300
45301
45304
45323
45327
45336
45336
45338
45354
45358
45358
45359
45360
45362
45365
45372
45373
45373
45387
45401
45403
45409
45420
45422
45425
45427
45431
45435
45438
45442
45443
45445
45470
45490
45498
45515
45519
45530
45534
45535
45543
45546
45556
45559
45576
45582
45593
45602
45610
45622
45631
45632
45635
45636
45641
45644
45664
45668
45680
45682
45685
45693
45697
45710
45714
45714
45731
45761
45776
45782
45782
45790
45790
45791
45794
45807
45811
45815
45815
45820
45827
45835
45853
45858
45867
45870
45874
45875
45885
45890
45890
45900
45922
45927
45937
45943
45947
45950
45954
45955
45965
45968
45969
45979
45984
45985
45985
45985
45986
45995
46005
46025
46038
46047
46052
46053
46055
46056
46062
46067
46093
46102
46106
46110
46118
46126
46130
46141
46143
46149
46165
46166
46175
46197
46197
46204
46212
46215
46245
46255
46264
46266
46268
46278
46281
46306
46306
46315
46318
46319
46336
46349
46355
46358
46362
46373
46376
46377
46383
46408
46414
46419
46424
46425
46432
46452
46455
46457
46460
46462
46467
46467
46485
46490
46492
46496
46498
46499
46499
46502
46503
46507
46516
46520
46522
46526
46533
46534
46550
46555
46570
46604
46615
46630
46634
46635
46644
46665
46670
46672
46673
46674
46675
46685
46693
46696
46697
46702
46721
46726
46734
46738
46742
46744
46753
46761
46764
46774
46775
46778
46779
46790
46791
46793
46793
46794
46807
46818
46819
46826
46826
46827
46828
46834
46835
46848
46865
46873
46889
46890
46898
46909
46913
46926
46929
46932
46940
46961
46972
46978
46984
47004
47010
47011
47031
47039
47046
47056
47059
47079
47087
47088
47095
47096
47112
47115
47119
47124
47142
47145
47147
47151
47152
47155
47155
47178
47211
47213
47231
47231
47233
47248
47255
47256
47258
47264
47266
47269
47270
47271
47279
47285
47286
47294
47297
47306
47313
47335
47335
47339
47343
47365
47367
47368
47370
47372
47372
47375
47375
47387
47389
47393
47397
47418
47424
47429
47435
47439
47441
47451
47451
47462
47466
47481
47490
47491
47505
47514
47517
47526
47527
47532
47533
47539
47546
47552
47559
47565
47571
47591
47602
47614
47624
47644
47645
47647
47647
47647
47653
47659
47663
47665
47679
47688
47717
47722
47727
47733
47744
47757
47761
47762
47766
47778
47780
47783
47784
47815
47821
47821
47822
47830
47834
47836
47855
47866
47871
47871
47883
47885
47893
47895
47903
47908
47910
47919
47922
47923
47929
47958
47960
47961
47969
47970
47971
47972
47979
47987
47988
48003
48006
48008
48029
48034
48043
48052
48060
48079
48083
48086
48089
48092
48092
48095
48097
48101
48102
48107
48107
48119
48122
48124
48126
48142
48143
48146
48151
48154
48158
48161
48169
48185
48189
48197
48204
48237
48241
48251
48254
48265
48268
48268
48271
48279
48288
48295
48316
48317
48318
48319
48325
48337
48340
48341
48344
48347
48348
48350
48363
48367
48402
48403
48418
48418
48422
48422
48427
48431
48438
48440
48441
48445
48448
48453
48466
48475
48482
48490
48493
48497
48499
48504
48516
48517
48531
48537
48540
48541
48543
48544
48547
48554
48564
48568
48570
48575
48579
48585
48589
48594
48596
48598
48611
48627
48628
48635
48643
48643
48650
48661
48666
48686
48690
48695
48696
48700
48711
48718
48721
48723
48729
48729
48761
48765
48766
48767
48772
48773
48774
48776
48780
48791
48795
48796
48799
48799
48801
48807
48812
48814
48814
48816
48820
48825
48832
48838
48840
48845
48855
48857
48858
48861
48883
48887
48911
48913
48915
48928
48928
48931
48936
48936
48941
48952
48974
48974
48976
48984
48986
48990
48992
48998
48999
49010
49020
49022
49033
49034
49036
49051
49074
49100
49114
49115
49125
49131
49134
49140
49147
49158
49158
49165
49166
49177
49180
49193
49224
49230
49233
49243
49245
49250
49265
49266
49271
49271
49275
49283
49288
49289
49296
49307
49311
49315
49321
49327
49335
49341
49358
49390
49391
49402
49409
49427
49431
49436
49437
49445
49452
49469
49472
49472
49477
49478
49491
49493
49495
49499
49513
49517
49539
49556
49574
49579
49584
49606
49607
49609
49613
49613
49623
49625
49630
49631
49652
49660
49667
49667
49671
49673
49686
49688
49702
49704
49707
49727
49739
49750
49765
49768
49772
49784
49794
49794
49798
49804
49810
49811
49814
49820
49821
49855
49856
49870
49881
49886
49887
49901
49906
49915
49916
49919
49922
49927
49928
49938
49947
49949
49949
49953
49956
49959
49959
49966
49971
49972
49981
49992
49999
50002
50019
50021
50035
50043
50043
50044
50047
50050
50065
50067
50071
50080
50086
50089
50099
50117
50119
50123
50160
50167
50168
50170
50176
50182
50186
50206
50217
50218
50239
50252
50260
50262
50271
50289
50302
50304
50306
50307
50330
50340
50350
50360
50374
50385
50386
50410
50413
50422
50426
50428
50428
50431
50436
50447
50448
50453
50454
50467
50473
50487
50488
50494
50495
50498
50500
50501
50505
50510
50512
50519
50520
50521
50530
50530
50544
50545
50548
50549
50552
50553
50558
50558
50560
50563
50572
50583
50587
50590
50617
50630
50632
50633
50646
50652
50656
50657
50663
50673
50683
50684
50701
50704
50705
50708
50709
50711
50712
50713
50715
50721
50730
50735
50753
50753
50757
50758
50778
50782
50783
50784
50785
50786
50794
50804
50805
50809
50811
50815
50819
50823
50825
50827
50831
50834
50839
50857
50871
50874
50876
50877
50882
50889
50892
50909
50909
50917
50917
50917
50919
50921
50922
50928
50931
50932
50946
50951
50955
50962
50969
50971
50975
50976
51002
51013
51019
51020
51021
51022
51024
51025
51025
51048
51050
51051
51059
51062
51071
51076
51080
51091
51100
51109
51111
51116
51116
51117
51117
51127
51127
51148
51148
51152
51161
51171
51183
51191
51199
51203
51221
51223
51233
51241
51245
51258
51267
51279
51294
51310
51316
51320
51325
51326
51335
51340
51341
51341
51353
51357
51370
51371
51371
51381
51383
51401
51405
51438
51444
51445
51454
51465
51466
51472
51491
51492
51492
51500
51508
51509
51521
51522
51524
51532
51535
51535
51537
51543
51544
51548
51560
51561
51571
51573
51579
51597
51601
51601
51604
51607
51608
51611
51623
51633
51634
51634
51643
51650
51658
51661
51662
51665
51676
51682
51685
51699
51700
51701
51707
51742
51746
51749
51750
51754
51756
51758
51763
51769
51773
51781
51784
51784
51796
51801
51804
51806
51808
51818
51824
51835
51836
51841
51846
51847
51852
51862
51886
51888
51889
51903
51906
51909
51912
51914
51920
51923
51939
51947
51948
51949
51956
51961
51967
51968
51972
51975
51979
51982
51982
51984
51986
51988
51997
52003
52011
52013
52013
52015
52017
52041
52051
52053
52075
52076
52085
52088
52091
52097
52107
52111
52120
52124
52128
52134
52150
52159
52163
52165
52177
52186
52186
52186
52196
52215
52221
52223
52228
52228
52229
52235
52239
52259
52267
52268
52276
52276
52277
52282
52294
52297
52302
52318
52321
52323
52327
52334
52337
52340
52343
52344
52348
52356
52357
52364
52366
52372
52373
52393
52401
52402
52405
52409
52409
52418
52421
52421
52422
52423
52424
52426
52456
52457
52458
52463
52464
52468
52471
52497
52497
52513
52515
52520
52520
52526
52527
52532
52543
52543
52573
52576
52576
52577
52577
52591
52593
52613
52617
52622
52622
52624
52624
52633
52635
52649
52655
52656
52666
52667
52678
52682
52697
52698
52699
52700
52702
52725
52725
52725
52726
52732
52733
52753
52758
52765
52772
52775
52779
52783
52788
52795
52805
52809
52811
52822
52822
52826
52830
52838
52860
52873
52873
52874
52880
52885
52886
52887
52888
52888
52892
52892
52926
52931
52948
52959
52964
52994
52996
53005
53015
53021
53029
53033
53055
53058
53059
53074
53093
53093
53096
53112
53116
53123
53130
53138
53142
53143
53147
53148
53154
53161
53162
53180
53186
53190
53190
53200
53220
53233
53240
53251
53253
53255
53259
53272
53273
53273
53274
53274
53277
53292
53302
53303
53329
53330
53332
53336
53351
53352
53353
53364
53375
53381
53382
53383
53384
53387
53395
53397
53400
53411
53424
53427
53442
53446
53464
53465
53479
53480
53490
53492
53493
53497
53497
53499
53500
53507
53516
53531
53533
53537
53552
53560
53562
53563
53564
53569
53573
53587
53590
53590
53594
53595
53598
53605
53611
53614
53615
53616
53621
53622
53623
53628
53633
53634
53637
53641
53642
53649
53665
53690
53691
53696
53715
53730
53731
53749
53759
53759
53772
53775
53776
53776
53778
53779
53786
53792
53797
53809
53813
53815
53815
53816
53826
53847
53850
53850
53854
53855
53859
53866
53867
53868
53879
53886
53891
53896
53903
53903
53906
53906
53912
53916
53918
53920
53933
53937
53958
53958
53961
53970
53978
53980
53981
53983
53996
54009
54015
54027
54034
54036
54042
54054
54059
54077
54078
54080
54090
54099
54111
54113
54139
54139
54143
54147
54153
54154
54173
54190
54196
54205
54207
54224
54224
54240
54254
54254
54261
54286
54287
54295
54309
54311
54312
54320
54324
54326
54331
54331
54332
54333
54334
54335
54358
54358
54363
54369
54371
54384
54395
54396
54396
54399
54402
54409
54409
54412
54414
54420
54422
54436
54442
54449
54451
54465
54473
54473
54480
54486
54497
54503
54510
54523
54525
54537
54543
54553
54554
54563
54569
54572
54572
54575
54576
54580
54585
54589
54598
54600
54602
54606
54607
54613
54614
54619
54622
54624
54635
54647
54654
54662
54663
54674
54688
54697
54699
54704
54708
54709
54724
54730
54738
54743
54744
54757
54758
54759
54785
54798
54802
54803
54804
54812
54814
54818
54819
54824
54827
54830
54833
54837
54868
54875
54882
54902
54908
54913
54919
54919
54920
54934
54941
54953
54961
54965
54966
54977
54990
54990
54992
54996
55000
55001
55004
55013
55020
55026
55028
55031
55034
55039
55040
55040
55044
55054
55059
55061
55071
55074
55091
55093
55099
55107
55134
55147
55153
55156
55156
55175
55179
55187
55191
55196
55198
55219
55221
55222
55224
55233
55240
55240
55256
55256
55257
55260
55264
55266
55266
55274
55274
55278
55282
55301
55322
55328
55341
55346
55346
55358
55361
55365
55367
55375
55387
55392
55392
55404
55410
55418
55429
55436
55437
55448
55452
55454
55460
55466
55467
55467
55469
55474
55479
55479
55483
55490
55510
55514
55524
55524
55535
55536
55541
55549
55563
55565
55566
55567
55572
55572
55575
55579
55582
55592
55595
55596
55606
55621
55625
55627
55648
55650
55652
55653
55667
55679
55680
55682
55693
55694
55707
55707
55712
55713
55714
55715
55725
55745
55746
55746
55753
55779
55780
55804
55806
55807
55808
55812
55814
55820
55834
55846
55846
55860
55860
55862
55864
55868
55871
55876
55880
55884
55898
55901
55901
55908
55911
55926
55926
55928
55928
55930
55932
55936
55938
55942
55949
55954
55975
55978
55992
55993
56002
56006
56010
56018
56030
56046
56050
56050
56051
56066
56066
56073
56073
56075
56076
56088
56090
56090
56090
56106
56107
56107
56115
56116
56122
56130
56130
56132
56139
56150
56151
56152
56161
56165
56173
56174
56174
56201
56205
56212
56215
56243
56255
56264
56266
56273
56276
56277
56278
56280
56296
56320
56324
56334
56347
56348
56354
56361
56365
56366
56384
56394
56395
56399
56400
56402
56425
56428
56448
56459
56467
56470
56470
56477
56481
56482
56495
56502
56503
56503
56504
56506
56524
56528
56532
56556
56562
56573
56577
56591
56591
56594
56606
56607
56608
56609
56610
56610
56626
56646
56648
56653
56653
56658
56668
56672
56672
56676
56686
56686
56687
56701
56704
56706
56708
56720
56741
56743
56750
56772
56776
56781
56783
56797
56798
56803
56807
56817
56832
56833
56836
56840
56852
56860
56876
56878
56881
56884
56906
56906
56907
56914
56920
56937
56948
56948
56948
56951
56953
56971
56972
56973
56975
56979
56980
57000
57004
57010
57011
57017
57032
57035
57042
57050
57054
57063
57067
57073
57076
57078
57082
57092
57095
57100
57104
57111
57111
57121
57122
57129
57131
57137
57138
57149
57152
57159
57160
57164
57174
57178
57180
57202
57203
57212
57214
57222
57224
57228
57238
57239
57241
57242
57243
57255
57258
57268
57273
57288
57291
57294
57294
57299
57303
57306
57316
57323
57323
57325
57334
57349
57351
57354
57367
57368
57375
57376
57377
57385
57396
57396
57409
57409
57416
57418
57419
57427
57430
57435
57438
57445
57445
57467
57479
57482
57498
57498
57500
57503
57506
57512
57524
57530
57535
57539
57544
57547
57558
57568
57585
57588
57589
57607
57613
57621
57631
57635
57636
57652
57655
57677
57679
57690
57695
57735
57748
57751
57752
57757
57761
57769
57774
57777
57779
57795
57795
57811
57813
57815
57815
57818
57820
57833
57834
57835
57836
57837
57848
57849
57857
57863
57874
57882
57886
57888
57894
57899
57904
57905
57910
57914
57916
57925
57931
57957
57972
57982
57985
57989
57996
58017
58017
58018
58019
58028
58042
58042
58043
58050
58051
58052
58057
58061
58066
58072
58077
58087
58095
58096
58097
58099
58100
58124
58126
58126
58133
58136
58141
58149
58153
58161
58167
58173
58184
58197
58198
58199
58204
58214
58225
58235
58241
58241
58244
58245
58259
58265
58266
58267
58268
58268
58272
58274
58277
58282
58285
58295
58299
58300
58305
58317
58321
58329
58338
58340
58349
58351
58369
58379
58381
58394
58397
58399
58401
58406
58412
58414
58416
58423
58424
58430
58431
58444
58458
58466
58467
58472
58478
58479
58480
58481
58488
58494
58495
58507
58511
58513
58514
58515
58528
58530
58532
58535
58548
58549
58554
58565
58571
58580
58582
58585
58587
58589
58591
58595
58597
58624
58624
58626
58628
58629
58633
58637
58651
58656
58671
58672
58674
58680
58685
58687
58694
58709
58722
58722
58730
58731
58735
58738
58744
58745
58761
58762
58773
58788
58791
58791
58816
58821
58822
58835
58850
58851
58852
58865
58868
58876
58880
58883
58885
58890
58896
58899
58901
58911
58912
58919
58921
58926
58930
58932
58944
58946
58946
58954
58963
58964
58977
58978
58988
58990
59000
59010
59011
59015
59020
59022
59025
59047
59055
59060
59068
59072
59075
59090
59092
59114
59126
59132
59137
59150
59151
59155
59158
59165
59169
59182
59182
59188
59193
59200
59207
59209
59214
59218
59235
59240
59245
59246
59247
59250
59261
59276
59279
59289
59299
59302
59313
59317
59324
59338
59340
59345
59355
59357
59363
59366
59375
59376
59388
59416
59424
59431
59435
59451
59452
59455
59456
59465
59465
59465
59474
59488
59499
59515
59521
59524
59526
59542
59543
59543
59552
59566
59567
59574
59586
59590
59591
59593
59622
59623
59626
59631
59648
59649
59652
59652
59655
59658
59664
59666
59666
59674
59692
59696
59699
59706
59710
59711
59714
59721
59723
59723
59724
59742
59744
59753
59754
59756
59758
59766
59767
59770
59786
59790
59795
59795
59800
59803
59807
59812
59814
59821
59849
59854
59859
59861
59869
59872
59876
59877
59877
59890
59890
59899
59903
59905
59910
59911
59916
59916
59921
59921
59922
59925
59929
59932
59932
59937
59937
59950
59955
59957
59983
59985
59992
59995
59999
60003
60007
60012
60024
60032
60036
60038
60051
60053
60059
60064
60072
60076
60093
60094
60102
60106
60132
60136
60136
60143
60144
60155
60156
60173
60173
60185
60214
60214
60227
60235
60241
60260
60261
60269
60278
60283
60290
60291
60297
60304
60307
60313
60317
60319
60328
60332
60343
60344
60344
60349
60361
60368
60368
60385
60392
60398
60409
60410
60433
60443
60448
60450
60455
60460
60489
60490
60494
60495
60496
60499
60511
60525
60551
60551
60553
60582
60583
60584
60589
60597
60600
60633
60639
60642
60647
60652
60667
60667
60668
60679
60692
60705
60705
60711
60715
60720
60725
60728
60735
60755
60760
60762
60763
60764
60771
60780
60781
60785
60800
60807
60813
60821
60833
60837
60846
60849
60860
60868
60872
60877
60885
60888
60891
60895
60896
60909
60918
60925
60934
60936
60940
60940
60942
60946
60953
60953
60957
60963
60965
60965
60990
60991
60996
61004
61023
61027
61027
61032
61047
61054
61059
61063
61071
61072
61081
61082
61086
61088
61092
61093
61102
61111
61119
61121
61124
61128
61131
61150
61151
61157
61158
61173
61173
61179
61200
61201
61203
61218
61219
61220
61228
61228
61230
61231
61249
61249
61252
61255
61262
61263
61265
61276
61280
61284
61293
61293
61301
61305
61305
61307
61310
61312
61316
61325
61327
61330
61336
61338
61339
61344
61352
61353
61363
61364
61369
61373
61376
61378
61394
61405
61411
61415
61416
61424
61426
61426
61429
61434
61438
61447
61448
61450
61450
61452
61452
61459
61488
61492
61496
61500
61506
61507
61522
61528
61540
61540
61553
61555
61565
61569
61570
61570
61571
61583
61597
61603
61603
61613
61614
61618
61629
61644
61652
61660
61661
61666
61668
61669
61675
61680
61687
61688
61690
61702
61705
61709
61717
61718
61720
61724
61726
61732
61734
61738
61740
61740
61745
61751
61752
61752
61758
61783
61791
61791
61791
61793
61794
61807
61811
61811
61811
61813
61816
61831
61844
61848
61863
61866
61882
61882
61887
61887
61891
61901
61911
61916
61918
61938
61962
61964
61966
61968
61972
61980
61985
61986
61989
61999
62009
62009
62012
62016
62023
62025
62033
62033
62038
62044
62072
62077
62084
62091
62097
62097
62111
62116
62125
62130
62135
62135
62162
62183
62192
62203
62218
62224
62227
62228
62231
62237
62242
62245
62250
62254
62256
62258
62258
62260
62281
62283
62286
62287
62294
62299
62302
62310
62310
62311
62324
62325
62359
62364
62366
62367
62376
62391
62401
62423
62424
62428
62432
62443
62446
62471
62472
62473
62476
62479
62480
62486
62490
62507
62507
62513
62521
62530
62532
62535
62536
62543
62543
62550
62555
62567
62576
62582
62583
62583
62593
62597
62599
62622
62638
62638
62641
62647
62653
62657
62678
62681
62688
62692
62693
62701
62703
62703
62705
62710
62713
62715
62722
62724
62728
62754
62755
62761
62768
62768
62771
62772
62772
62775
62775
62776
62782
62783
62787
62791
62792
62795
62831
62831
62848
62848
62856
62859
62865
62868
62869
62869
62879
62880
62886
62891
62903
62919
62920
62931
62934
62940
62949
62958
62963
62974
62987
62990
62996
62997
63007
63017
63021
63023
63023
63035
63038
63039
63040
63042
63042
63045
63052
63054
63065
63067
63067
63068
63073
63076
63104
63110
63120
63124
63129
63130
63136
63144
63146
63158
63167
63186
63189
63200
63201
63203
63206
63210
63210
63218
63222
63236
63241
63269
63272
63274
63277
63281
63288
63293
63303
63313
63314
63315
63319
63326
63326
63331
63333
63334
63335
63335
63336
63337
63343
63357
63358
63364
63377
63379
63385
63445
63445
63447
63466
63466
63467
63482
63488
63490
63491
63502
63509
63511
63526
63527
63528
63531
63542
63567
63571
63574
63577
63582
63584
63591
63592
63608
63622
63649
63649
63656
63677
63681
63684
63691
63691
63695
63698
63705
63705
63706
63714
63729
63741
63755
63763
63776
63782
63787
63796
63800
63802
63804
63808
63810
63830
63839
63854
63857
63871
63873
63875
63888
63902
63909
63921
63929
63932
63941
63943
63955
63961
63965
63974
63980
63981
63988
63998
63999
64003
64005
64010
64012
64019
64032
64048
64054
64060
64065
64072
64074
64083
64086
64089
64102
64118
64139
64142
64144
64165
64167
64172
64173
64175
64181
64192
64209
64227
64228
64261
64262
64262
64263
64280
64305
64319
64324
64337
64348
64356
64366
64369
64381
64383
64391
64404
64414
64427
64429
64435
64442
64442
64460
64462
64468
64490
64491
64505
64512
64516
64528
64532
64551
64554
64556
64579
64626
64642
64644
64649
64670
64671
64677
64686
64698
64709
64715
64721
64734
64739
64740
64747
64750
64755
64765
64770
64777
64788
64790
64796
64807
64809
64810
64828
64833
64839
64841
64851
64853
64866
64869
64873
64874
64876
64880
64880
64882
64904
64919
64923
64938
64945
64948
64949
64952
64955
64962
64979
64980
64990
64990
65001
65018
65019
65024
65027
65035
65036
65039
65041
65047
65053
65057
65063
65069
65081
65097
65099
65103
65103
65105
65108
65109
65110
65116
65119
65140
65141
65143
65163
65180
65188
65193
65194
65195
65215
65216
65219
65228
65243
65245
65249
65255
65256
65274
65276
65280
65289
65308
65309
65312
65313
65320
65321
65335
65335
65335
65352
65366
65369
65390
65395
65421
65421
65423
65423
65426
65439
65444
65446
65447
65454
65465
65477
65481
65490
65494
65499
65505
65515
65515
65520
65523
65526
65545
65558
65558
65559
65559
65561
65562
65574
65577
65577
65590
65598
65599
65602
65607
65610
65629
65651
65673
65689
65699
65700
65709
65712
65716
65726
65731
65732
65740
65745
65759
65761
65778
65782
65784
65787
65788
65793
65800
65800
65811
65811
65812
65829
65832
65835
65855
65870
65881
65893
65896
65901
65903
65905
65908
65916
65921
65923
65929
65943
65947
65961
65966
65977
65983
65994
66008
66009
66025
66031
66033
66047
66048
66055
66072
66086
66116
66117
66135
66138
66148
66161
66163
66172
66188
66191
66194
66195
66204
66210
66236
66240
66242
66242
66264
66264
66276
66277
66285
66287
66292
66293
66294
66294
66309
66325
66327
66332
66339
66346
66353
66357
66359
66365
66381
66382
66396
66404
66407
66410
66417
66420
66420
66434
66434
66435
66442
66454
66455
66456
66457
66485
66489
66490
66499
66503
66506
66508
66515
66518
66527
66531
66538
66548
66553
66602
66603
66608
66609
66615
66617
66621
66628
66629
66629
66632
66635
66643
66657
66659
66662
66674
66685
66688
66689
66709
66714
66723
66724
66739
66741
66743
66751
66752
66764
66782
66790
66791
66795
66799
66807
66809
66817
66818
66818
66853
66853
66853
66856
66869
66875
66886
66894
66895
66899
66903
66912
66919
66929
66930
66942
66944
66948
66950
66963
66967
66971
66980
66982
66987
66990
66995
67005
67024
67033
67049
67063
67068
67075
67083
67083
67084
67086
67126
67127
67135
67154
67159
67161
67168
67180
67181
67183
67185
67186
67199
67200
67208
67220
67221
67221
67226
67233
67251
67268
67268
67276
67280
67286
67287
67294
67295
67311
67314
67316
67319
67331
67356
67359
67370
67371
67374
67375
67383
67392
67397
67397
67404
67414
67415
67427
67429
67433
67434
67445
67445
67454
67455
67465
67466
67471
67472
67484
67486
67489
67495
67506
67509
67514
67518
67519
67520
67523
67535
67539
67543
67556
67560
67565
67574
67578
67591
67597
67609
67613
67615
67621
67641
67641
67646
67667
67671
67684
67699
67700
67725
67738
67742
67743
67744
67758
67758
67771
67778
67784
67790
67796
67797
67798
67801
67806
67841
67842
67850
67853
67853
67858
67860
67860
67867
67868
67889
67890
67890
67927
67931
67931
67943
67953
67957
67963
67965
67965
67983
68016
68024
68035
68037
68044
68046
68056
68057
68057
68065
68070
68076
68081
68081
68101
68129
68131
68133
68136
68142
68150
68153
68153
68157
68164
68170
68171
68175
68181
68182
68184
68189
68192
68208
68213
68229
68231
68235
68238
68238
68239
68248
68255
68260
68260
68279
68280
68290
68299
68300
68302
68314
68315
68329
68330
68330
68333
68339
68344
68349
68356
68366
68375
68376
68381
68400
68402
68419
68432
68444
68454
68460
68461
68463
68468
68474
68475
68475
68477
68484
68486
68488
68501
68504
68504
68508
68515
68522
68529
68537
68547
68548
68554
68570
68570
68580
68584
68586
68586
68586
68588
68591
68592
68596
68599
68599
68610
68617
68624
68639
68646
68649
68672
68675
68679
68680
68683
68687
68691
68696
68700
68706
68709
68723
68726
68732
68733
68734
68736
68743
68750
68751
68753
68778
68782
68784
68793
68796
68801
68808
68810
68824
68834
68845
68846
68852
68859
68864
68902
68910
68918
68920
68921
68927
68940
68944
68946
68946
68949
68954
68954
68955
68955
68961
68968
68970
68980
68980
68982
68983
68985
68988
69010
69010
69012
69028
69035
69039
69049
69053
69089
69108
69117
69118
69119
69124
69125
69129
69131
69135
69140
69157
69171
69181
69183
69218
69230
69234
69238
69245
69247
69248
69258
69258
69277
69280
69282
69283
69291
69297
69297
69298
69305
69327
69336
69337
69354
69363
69363
69370
69371
69379
69379
69418
69422
69428
69433
69448
69448
69464
69465
69469
69483
69484
69489
69490
69492
69497
69498
69500
69505
69519
69520
69521
69523
69530
69531
69534
69541
69547
69569
69578
69580
69586
69590
69611
69617
69619
69619
69623
69629
69637
69641
69642
69642
69646
69649
69649
69653
69660
69661
69665
69677
69686
69693
69695
69698
69708
69714
69719
69723
69724
69733
69750
69756
69777
69785
69786
69788
69791
69805
69806
69807
69814
69815
69817
69818
69827
69829
69837
69837
69851
69851
69867
69881
69885
69888
69890
69905
69908
69913
69929
69932
69939
69949
69956
69956
69961
69965
69967
69968
69977
69990
69990
70034
70043
70048
70048
70052
70052
70054
70061
70070
70086
70086
70086
70087
70090
70093
70094
70101
70112
70115
70129
70130
70132
70139
70142
70145
70147
70150
70158
70159
70167
70170
70172
70174
70185
70193
70193
70194
70199
70200
70226
70234
70238
70238
70239
70244
70248
70249
70263
70281
70289
70290
70303
70306
70308
70315
70316
70317
70320
70323
70331
70335
70340
70346
70359
70360
70366
70368
70369
70379
70384
70384
70388
70389
70390
70392
70394
70397
70415
70428
70437
70438
70440
70442
70443
70452
70456
70463
70464
70467
70475
70480
70492
70505
70514
70527
70547
70550
70554
70576
70579
70598
70612
70619
70623
70625
70630
70635
70635
70645
70652
70656
70657
70664
70672
70672
70705
70712
70717
70721
70722
70724
70726
70732
70737
70744
70750
70754
70755
70758
70764
70768
70770
70774
70783
70785
70785
70787
70791
70806
70824
70839
70845
70856
70873
70874
70883
70896
70905
70932
70932
70933
70937
70945
70950
70953
70963
70970
70970
70973
70980
70983
70983
70988
70994
71025
71026
71029
71039
71044
71066
71068
71077
71084
71086
71094
71095
71108
71110
71112
71113
71122
71126
71127
71127
71139
71149
71167
71169
71169
71173
71174
71197
71220
71232
71232
71239
71241
71251
71258
71259
71265
71271
71272
71278
71282
71284
71296
71314
71319
71350
71354
71372
71374
71376
71381
71384
71391
71391
71391
71400
71411
71412
71418
71430
71443
71451
71455
71490
71490
71491
71494
71497
71497
71504
71507
71531
71539
71543
71551
71552
71556
71563
71573
71580
71587
71589
71615
71618
71623
71623
71637
71645
71646
71655
71656
71658
71659
71659
71665
71670
71681
71683
71693
71699
71701
71710
71723
71733
71735
71754
71758
71760
71763
71765
71774
71777
71777
71799
71800
71817
71820
71823
71833
71838
71838
71843
71852
71856
71861
71862
71863
71866
71871
71886
71898
71907
71918
71921
71931
71933
71936
71937
71937
71938
71940
71949
71950
71956
71957
71961
71974
71976
71982
71991
72003
72005
72014
72029
72045
72047
72050
72053
72053
72054
72058
72059
72060
72071
72074
72077
72082
72094
72126
72132
72132
72162
72170
72174
72181
72181
72183
72187
72199
72209
72211
72222
72229
72229
72230
72233
72242
72251
72252
72256
72268
72283
72292
72295
72296
72297
72297
72298
72299
72299
72302
72307
72311
72322
72327
72327
72335
72336
72340
72353
72355
72356
72360
72363
72365
72372
72378
72378
72408
72409
72427
72430
72443
72466
72476
72493
72495
72496
72498
72501
72503
72510
72512
72514
72519
72521
72521
72522
72525
72527
72533
72543
72550
72560
72569
72571
72577
72578
72589
72593
72593
72598
72606
72609
72611
72612
72620
72637
72648
72652
72653
72661
72666
72676
72678
72680
72682
72689
72695
72703
72704
72706
72709
72709
72731
72731
72732
72736
72739
72741
72741
72750
72753
72760
72763
72771
72786
72797
72802
72808
72826
72826
72827
72833
72835
72836
72840
72844
72845
72850
72854
72863
72871
72872
72873
72874
72887
72890
72900
72909
72913
72926
72943
72952
72953
72954
72960
72961
72968
72969
72970
72973
72976
72982
72994
72999
73000
73015
73027
73040
73040
73045
73050
73051
73056
73058
73061
73062
73089
73097
73101
73107
73111
73114
73118
73129
73147
73159
73176
73177
73198
73226
73227
73239
73244
73245
73257
73264
73273
73278
73286
73289
73300
73301
73308
73310
73310
73312
73312
73335
73338
73341
73341
73343
73345
73348
73348
73351
73352
73357
73358
73365
73365
73373
73377
73391
73394
73399
73400
73403
73403
73405
73419
73421
73431
73436
73456
73463
73464
73469
73484
73485
73494
73504
73506
73508
73513
73515
73533
73540
73543
73548
73549
73559
73561
73564
73568
73576
73576
73588
73594
73597
73605
73608
73617
73620
73627
73638
73641
73644
73651
73671
73693
73695
73696
73696
73703
73711
73712
73720
73722
73733
73738
73747
73749
73756
73756
73764
73778
73792
73796
73798
73818
73825
73833
73843
73848
73854
73870
73889
73890
73914
73923
73927
73929
73933
73936
73947
73948
73953
73956
73973
73976
73985
73989
73993
73998
74007
74008
74009
74014
74019
74033
74035
74038
74040
74045
74046
74046
74060
74074
74074
74076
74079
74091
74100
74109
74109
74111
74115
74120
74131
74134
74137
74139
74142
74142
74152
74152
74155
74168
74168
74168
74189
74190
74194
74200
74209
74216
74216
74221
74227
74241
74254
74264
74269
74269
74276
74290
74294
74296
74301
74323
74333
74340
74358
74360
74376
74377
74383
74395
74399
74404
74411
74411
74432
74438
74449
74455
74465
74466
74467
74471
74473
74476
74483
74483
74492
74495
74501
74517
74519
74520
74522
74523
74530
74530
74537
74541
74561
74568
74578
74579
74583
74586
74591
74594
74595
74597
74602
74604
74609
74652
74655
74662
74665
74670
74671
74680
74681
74687
74693
74701
74705
74717
74720
74722
74729
74737
74738
74738
74739
74745
74748
74749
74755
74755
74760
74769
74773
74775
74780
74780
74792
74801
74808
74825
74831
74832
74837
74849
74871
74879
74879
74883
74890
74896
74904
74904
74906
74913
74920
74922
74931
74933
74936
74940
74950
74955
74957
74966
74967
74981
74981
74982
74992
74999
75015
75023
75030
75034
75045
75057
75059
75066
75069
75084
75086
75089
75095
75102
75103
75109
75115
75117
75120
75127
75131
75131
75132
75141
75159
75170
75173
75195
75207
75209
75232
75244
75245
75246
75264
75271
75277
75278
75286
75297
75299
75303
75305
75306
75311
75317
75318
75321
75332
75346
75353
75356
75359
75364
75366
75385
75408
75419
75423
75427
75427
75449
75450
75459
75471
75472
75475
75494
75510
75512
75515
75523
75529
75530
75551
75562
75564
75567
75569
75570
75579
75579
75606
75611
75611
75613
75619
75623
75633
75634
75636
75641
75641
75642
75650
75651
75654
75659
75661
75663
75679
75680
75697
75707
75717
75722
75723
75730
75736
75736
75748
75755
75759
75766
75769
75779
75783
75789
75802
75804
75804
75809
75823
75824
75832
75844
75852
75861
75869
75871
75879
75881
75887
75889
75890
75894
75909
75913
75916
75919
75955
75968
75971
75976
75986
75989
75992
75995
75997
76003
76003
76009
76021
76041
76045
76046
76050
76052
76067
76068
76076
76095
76098
76106
76130
76133
76137
76137
76147
76150
76157
76159
76170
76172
76181
76186
76197
76204
76204
76204
76208
76218
76225
76234
76237
76243
76254
76254
76274
76281
76299
76323
76324
76327
76331
76334
76341
76354
76361
76371
76374
76384
76385
76406
76420
76424
76436
76441
76445
76448
76468
76472
76476
76478
76484
76490
76497
76504
76504
76504
76506
76506
76507
76509
76511
76533
76539
76546
76550
76553
76553
76570
76572
76573
76574
76579
76580
76582
76598
76607
76608
76610
76642
76654
76658
76684
76686
76687
76688
76696
76700
76702
76711
76712
76735
76747
76751
76756
76770
76773
76774
76782
76789
76793
76802
76807
76807
76817
76818
76825
76837
76842
76851
76856
76857
76865
76865
76868
76869
76869
76880
76883
76888
76897
76899
76901
76904
76905
76905
76912
76919
76922
76929
76931
76937
76942
76953
76959
76981
76981
76982
76997
77001
77001
77006
77023
77023
77024
77035
77046
77048
77059
77067
77068
77072
77072
77074
77085
77086
77088
77093
77100
77103
77121
77128
77130
77135
77141
77142
77143
77147
77156
77159
77169
77171
77176
77190
77191
77211
77211
77211
77214
77219
77228
77232
77235
77242
77251
77275
77277
77281
77282
77286
77308
77309
77312
77330
77330
77330
77331
77336
77336
77341
77350
77371
77377
77378
77385
77385
77399
77411
77412
77413
77416
77429
77449
77453
77455
77462
77463
77468
77470
77479
77488
77499
77504
77505
77508
77520
77521
77525
77542
77543
77544
77548
77550
77559
77570
77571
77581
77583
77597
77614
77623
77623
77632
77633
77638
77653
77657
77667
77673
77674
77677
77678
77679
77682
77693
77694
77696
77701
77701
77708
77709
77724
77725
77742
77746
77746
77748
77749
77753
77754
77757
77757
77758
77760
77774
77783
77785
77794
77803
77813
77813
77815
77818
77823
77823
77824
77830
77833
77836
77837
77856
77860
77890
77894
77900
77907
77910
77911
77916
77916
77943
77947
77948
77952
77953
77957
77958
77959
77962
77964
77969
77980
77981
77983
78004
78008
78016
78023
78024
78026
78030
78039
78041
78046
78051
78056
78061
78065
78067
78068
78077
78110
78123
78126
78135
78138
78138
78140
78144
78146
78149
78152
78187
78197
78202
78217
78223
78231
78237
78244
78253
78253
78257
78259
78262
78269
78271
78298
78313
78314
78315
78318
78327
78332
78333
78334
78340
78342
78345
78348
78355
78366
78366
78371
78374
78384
78386
78391
78394
78402
78403
78404
78423
78425
78431
78433
78449
78461
78470
78483
78495
78499
78507
78509
78510
78512
78524
78530
78538
78544
78551
78556
78560
78560
78561
78562
78565
78575
78578
78586
78587
78595
78605
78605
78611
78616
78619
78636
78638
78641
78645
78646
78648
78650
78653
78657
78674
78678
78680
78681
78685
78686
78690
78700
78702
78709
78710
78715
78720
78727
78738
78754
78759
78761
78765
78771
78771
78783
78785
78790
78807
78814
78814
78819
78839
78848
78857
78866
78870
78871
78876
78884
78893
78895
78898
78898
78902
78915
78915
78925
78927
78936
78937
78940
78946
78964
78967
78970
78972
78979
78983
79003
79009
79019
79022
79023
79036
79042
79042
79043
79068
79075
79076
79083
79084
79085
79089
79095
79096
79102
79121
79136
79138
79138
79147
79148
79153
79154
79170
79170
79174
79176
79180
79210
79223
79230
79230
79246
79250
79250
79263
79266
79267
79267
79269
79278
79293
79293
79299
79308
79324
79327
79352
79370
79379
79380
79382
79389
79390
79392
79400
79403
79413
79413
79415
79416
79416
79424
79425
79444
79446
79447
79449
79461
79465
79472
79473
79478
79478
79491
79493
79498
79500
79506
79510
79535
79537
79543
79558
79559
79567
79573
79577
79582
79603
79606
79611
79640
79642
79643
79648
79655
79656
79659
79659
79666
79667
79677
79686
79687
79690
79692
79695
79700
79704
79712
79713
79724
79733
79734
79734
79746
79756
79757
79773
79774
79786
79789
79790
79791
79792
79795
79800
79803
79806
79808
79839
79842
79846
79858
79860
79882
79906
79911
79921
79921
79922
79930
79930
79933
79935
79943
79965
79966
79974
79975
79979
79982
79988
79997
80016
80034
80038
80039
80042
80052
80063
80075
80075
80092
80100
80117
80117
80125
80127
80128
80133
80133
80137
80139
80145
80146
80150
80155
80164
80171
80181
80190
80194
80195
80198
80208
80211
80216
80216
80225
80226
80228
80231
80235
80248
80257
80263
80267
80289
80302
80302
80304
80306
80318
80327
80328
80333
80338
80342
80344
80352
80360
80362
80365
80366
80368
80370
80372
80393
80398
80399
80399
80399
80399
80408
80413
80414
80429
80436
80437
80446
80459
80459
80462
80462
80464
80470
80481
80494
80504
80505
80506
80507
80517
80525
80530
80531
80534
80537
80537
80541
80547
80548
80554
80565
80583
80587
80599
80601
80604
80610
80616
80621
80627
80630
80632
80637
80649
80651
80651
80652
80654
80655
80655
80663
80669
80670
80672
80674
80681
80682
80696
80697
80703
80704
80705
80708
80713
80713
80729
80733
80733
80737
80745
80749
80749
80754
80754
80758
80762
80768
80780
80795
80802
80812
80814
80821
80824
80828
80836
80838
80842
80845
80854
80855
80859
80882
80900
80905
80909
80919
80930
80938
80938
80946
80957
80965
80975
80977
80977
80982
80983
80987
80990
80993
81001
81010
81015
81016
81026
81029
81055
81075
81081
81093
81094
81099
81103
81108
81108
81110
81119
81127
81161
81163
81172
81174
81174
81175
81177
81182
81206
81212
81216
81216
81237
81238
81247
81256
81263
81263
81271
81283
81286
81297
81301
81307
81310
81316
81316
81336
81338
81340
81342
81342
81356
81378
81390
81392
81392
81412
81414
81417
81426
81430
81441
81445
81446
81447
81448
81449
81454
81455
81458
81480
81482
81495
81497
81516
81523
81528
81531
81537
81553
81557
81568
81568
81569
81571
81573
81577
81580
81587
81596
81600
81604
81616
81618
81624
81629
81635
81639
81647
81648
81661
81663
81671
81674
81675
81678
81684
81692
81693
81693
81693
81695
81700
81706
81711
81727
81728
81731
81736
81739
81742
81744
81747
81776
81778
81779
81782
81785
81793
81807
81810
81821
81831
81836
81841
81842
81848
81877
81879
81896
81899
81900
81902
81921
81930
81939
81947
81956
81969
81983
82005
82006
82007
82010
82010
82016
82018
82033
82049
82051
82055
82065
82077
82078
82078
82079
82089
82100
82107
82108
82109
82121
82125
82127
82134
82138
82142
82144
82148
82151
82152
82158
82173
82175
82178
82185
82193
82197
82198
82202
82209
82213
82214
82215
82223
82243
82244
82250
82253
82254
82257
82262
82265
82268
82269
82271
82274
82277
82286
82289
82293
82293
82295
82295
82299
82332
82332
82334
82339
82340
82340
82342
82342
82362
82374
82384
82390
82401
82402
82406
82416
82420
82432
82446
82449
82450
82454
82456
82459
82463
82469
82476
82480
82487
82487
82496
82496
82516
82523
82527
82546
82554
82556
82561
82573
82575
82600
82601
82602
82603
82606
82614
82621
82622
82623
82627
82633
82642
82644
82645
82650
82660
82660
82664
82674
82674
82682
82690
82691
82694
82696
82698
82701
82712
82733
82736
82745
82754
82771
82778
82786
82795
82799
82803
82812
82838
82847
82849
82850
82851
82851
82853
82856
82862
82862
82870
82894
82896
82897
82897
82898
82902
82905
82919
82920
82921
82927
82939
82947
82952
82959
82973
82980
82980
82981
82982
82984
82988
82992
82993
82998
83001
83001
83005
83008
83009
83013
83014
83021
83023
83034
83045
83048
83048
83049
83054
83056
83071
83073
83087
83090
83092
83103
83110
83110
83116
83117
83117
83117
83125
83127
83144
83146
83154
83178
83180
83191
83192
83196
83199
83201
83203
83219
83241
83253
83255
83259
83274
83286
83288
83293
83294
83294
83299
83299
83309
83310
83314
83326
83327
83328
83336
83349
83351
83355
83360
83362
83366
83379
83393
83394
83399
83416
83439
83441
83444
83468
83469
83474
83479
83480
83497
83499
83503
83504
83510
83515
83524
83524
83527
83528
83532
83536
83539
83541
83545
83549
83559
83564
83571
83600
83602
83614
83621
83625
83636
83637
83654
83673
83678
83684
83690
83691
83694
83709
83725
83737
83738
83740
83742
83745
83748
83769
83773
83774
83776
83777
83781
83791
83792
83795
83797
83803
83804
83805
83811
83815
83815
83819
83838
83839
83842
83842
83848
83851
83853
83860
83862
83865
83866
83868
83871
83888
83907
83917
83924
83948
83968
83976
83985
83994
84004
84008
84009
84013
84016
84017
84018
84032
84033
84039
84040
84051
84056
84084
84086
84087
84093
84099
84099
84100
84103
84110
84111
84120
84135
84136
84138
84149
84151
84159
84169
84172
84187
84202
84206
84206
84214
84216
84216
84217
84229
84242
84248
84249
84260
84302
84309
84326
84330
84341
84343
84353
84360
84362
84372
84373
84381
84382
84390
84394
84399
84402
84404
84411
84414
84418
84419
84427
84432
84440
84441
84447
84461
84463
84474
84485
84487
84487
84488
84490
84504
84520
84524
84525
84528
84530
84548
84557
84562
84571
84588
84612
84619
84626
84628
84653
84660
84684
84692
84693
84696
84712
84717
84720
84724
84731
84736
84745
84769
84769
84771
84784
84795
84795
84799
84807
84808
84808
84810
84811
84816
84831
84850
84853
84867
84872
84878
84878
84888
84893
84899
84900
84912
84912
84919
84931
84934
84954
84962
84978
84982
84989
85003
85011
85017
85018
85018
85036
85037
85040
85046
85052
85055
85056
85059
85060
85064
85071
85098
85101
85102
85105
85110
85112
85118
85128
85134
85137
85149
85153
85155
85159
85160
85162
85162
85168
85168
85171
85188
85216
85226
85227
85227
85228
85239
85241
85248
85256
85263
85264
85275
85279
85280
85284
85290
85291
85305
85310
85320
85355
85359
85367
85367
85368
85371
85390
85394
85395
85409
85416
85416
85419
85424
85429
85430
85433
85438
85444
85445
85460
85470
85473
85502
85502
85514
85530
85532
85534
85535
85535
85535
85547
85553
85555
85577
85582
85591
85593
85607
85612
85612
85614
85614
85617
85629
85640
85640
85642
85655
85665
85698
85710
85710
85713
85713
85718
85735
85740
85748
85752
85752
85756
85761
85766
85766
85768
85773
85778
85782
85784
85786
85790
85796
85798
85802
85806
85809
85812
85819
85823
85825
85829
85834
85840
85876
85889
85889
85899
85906
85908
85910
85915
85918
85920
85924
85930
85935
85941
85944
85964
85968
85973
85989
85992
85993
86000
86002
86008
86011
86013
86023
86048
86051
86059
86065
86067
86070
86080
86084
86088
86089
86102
86108
86115
86118
86119
86124
86125
86126
86130
86135
86145
86147
86159
86163
86163
86164
86165
86165
86167
86172
86176
86179
86192
86201
86212
86217
86225
86227
86228
86233
86234
86245
86257
86261
86265
86274
86277
86285
86307
86308
86310
86313
86313
86326
86340
86365
86366
86369
86374
86391
86394
86396
86413
86423
86430
86432
86444
86453
86453
86458
86465
86466
86487
86488
86491
86492
86493
86507
86516
86531
86537
86538
86542
86544
86546
86552
86556
86564
86567
86576
86579
86583
86595
86598
86608
86610
86615
86625
86625
86632
86645
86648
86658
86661
86679
86690
86699
86718
86718
86718
86719
86732
86738
86740
86746
86752
86757
86784
86787
86791
86801
86806
86807
86819
86823
86828
86830
86860
86866
86871
86887
86893
86893
86895
86913
86914
86915
86917
86919
86923
86924
86926
86926
86930
86931
86934
86934
86949
86959
86962
86964
86981
86987
86989
86992
86995
87004
87011
87016
87018
87024
87026
87036
87042
87047
87054
87066
87067
87073
87085
87086
87102
87118
87127
87128
87132
87135
87142
87167
87167
87173
87189
87191
87196
87209
87212
87226
87231
87239
87245
87246
87275
87277
87284
87300
87301
87307
87307
87315
87316
87327
87328
87342
87345
87347
87348
87353
87360
87364
87366
87369
87375
87385
87387
87391
87392
87400
87426
87429
87434
87438
87453
87462
87483
87488
87501
87510
87514
87529
87549
87550
87564
87566
87571
87574
87586
87641
87646
87653
87663
87666
87675
87689
87690
87694
87697
87706
87709
87710
87712
87719
87728
87729
87730
87735
87737
87742
87745
87748
87749
87764
87765
87776
87780
87789
87789
87790
87806
87810
87812
87814
87827
87832
87835
87837
87841
87845
87846
87847
87848
87849
87851
87851
87864
87876
87887
87889
87897
87901
87905
87909
87909
87917
87920
87932
87933
87938
87949
87950
87957
87961
87987
87991
87998
88008
88016
88028
88030
88031
88034
88045
88047
88047
88050
88051
88053
88066
88083
88088
88099
88106
88106
88112
88118
88119
88131
88135
88136
88146
88150
88159
88161
88165
88166
88167
88168
88169
88187
88197
88204
88204
88205
88207
88218
88226
88230
88238
88240
88240
88243
88253
88274
88276
88280
88282
88288
88288
88300
88308
88314
88315
88322
88326
88330
88337
88345
88347
88354
88358
88360
88362
88371
88373
88384
88391
88391
88392
88392
88399
88401
88403
88412
88416
88418
88418
88426
88427
88440
88451
88452
88465
88474
88474
88481
88487
88488
88493
88499
88507
88517
88529
88542
88550
88555
88556
88569
88576
88581
88584
88592
88593
88600
88600
88602
88608
88615
88619
88620
88624
88628
88633
88635
88648
88666
88667
88675
88682
88685
88691
88720
88720
88730
88757
88763
88768
88768
88771
88781
88784
88792
88796
88800
88804
88813
88818
88824
88833
88839
88841
88842
88853
88854
88856
88860
88863
88867
88900
88900
88916
88922
88927
88928
88938
88942
88942
88944
88962
88962
88963
88964
88978
88981
88982
88992
88995
88997
89003
89005
89036
89039
89053
89065
89069
89079
89084
89090
89094
89098
89102
89108
89110
89125
89130
89148
89150
89156
89161
89162
89173
89175
89180
89193
89199
89199
89203
89209
89209
89218
89221
89222
89224
89224
89231
89240
89245
89246
89252
89259
89273
89277
89279
89284
89287
89294
89294
89300
89304
89307
89311
89312
89313
89323
89327
89331
89334
89340
89345
89349
89350
89351
89358
89359
89367
89374
89375
89389
89392
89396
89410
89428
89434
89434
89435
89442
89443
89447
89456
89457
89457
89465
89465
89473
89476
89480
89501
89504
89509
89535
89540
89547
89555
89555
89555
89563
89567
89569
89570
89572
89592
89594
89604
89605
89606
89613
89621
89628
89628
89628
89636
89639
89660
89671
89683
89693
89693
89695
89711
89736
89743
89751
89766
89766
89770
89770
89777
89782
89789
89792
89800
89807
89812
89816
89817
89820
89842
89848
89851
89855
89865
89870
89871
89873
89881
89882
89896
89901
89910
89916
89922
89926
89927
89928
89934
89937
89949
89957
89980
89982
89988
89999
90002
90020
90031
90038
90041
90042
90043
90044
90055
90059
90063
90065
90068
90071
90100
90107
90110
90123
90123
90124
90144
90149
90160
90161
90168
90168
90174
90178
90188
90192
90193
90195
90200
90209
90217
90218
90220
90221
90223
90228
90236
90262
90264
90271
90277
90279
90283
90290
90290
90298
90304
90308
90309
90322
90328
90331
90332
90345
90347
90364
90366
90386
90387
90388
90389
90401
90403
90437
90442
90457
90457
90479
90484
90495
90496
90503
90504
90516
90521
90523
90532
90533
90534
90546
90558
90569
90569
90581
90587
90588
90595
90599
90600
90613
90621
90629
90632
90641
90642
90644
90646
90647
90683
90687
90703
90710
90717
90722
90722
90727
90727
90735
90738
90755
90756
90758
90759
90759
90771
90773
90775
90778
90785
90790
90793
90794
90806
90820
90821
90821
90826
90832
90836
90837
90840
90847
90853
90857
90859
90869
90872
90877
90879
90889
90894
90894
90899
90903
90903
90908
90911
90916
90917
90926
90927
90927
90943
90945
90946
90955
90961
90962
90964
90969
90972
90980
90988
90996
90998
91003
91006
91019
91019
91023
91027
91031
91033
91035
91044
91044
91046
91049
91052
91059
91061
91066
91077
91080
91082
91087
91090
91090
91098
91100
91111
91124
91141
91147
91148
91150
91151
91155
91156
91170
91176
91178
91178
91202
91203
91215
91227
91239
91240
91251
91255
91274
91275
91276
91284
91289
91294
91295
91297
91303
91316
91319
91321
91322
91324
91324
91328
91334
91349
91351
91354
91363
91364
91374
91383
91388
91398
91398
91399
91408
91412
91414
91424
91425
91437
91441
91442
91451
91453
91457
91459
91484
91491
91496
91501
91502
91503
91518
91535
91537
91545
91551
91553
91558
91581
91592
91594
91607
91612
91616
91628
91636
91647
91654
91654
91654
91665
91674
91680
91686
91693
91697
91697
91719
91724
91733
91741
91744
91745
91747
91748
91754
91759
91760
91761
91771
91774
91781
91789
91798
91799
91814
91818
91820
91820
91821
91825
91828
91828
91840
91843
91844
91847
91847
91850
91860
91885
91890
91893
91898
91900
91907
91908
91920
91921
91933
91945
91945
91952
91954
91958
91963
91965
91965
91965
91970
91998
92007
92012
92032
92034
92042
92047
92051
92052
92053
92074
92087
92088
92088
92089
92113
92113
92116
92118
92130
92139
92141
92145
92150
92158
92158
92160
92161
92176
92187
92188
92203
92210
92211
92212
92212
92222
92225
92229
92239
92240
92264
92272
92284
92288
92292
92293
92295
92303
92310
92318
92320
92324
92325
92330
92332
92351
92356
92356
92364
92378
92387
92388
92396
92399
92405
92409
92416
92417
92431
92438
92439
92447
92455
92456
92459
92463
92465
92472
92472
92485
92496
92502
92508
92513
92527
92532
92536
92553
92553
92555
92556
92565
92572
92575
92581
92592
92602
92616
92619
92639
92640
92649
92653
92653
92658
92662
92665
92669
92678
92681
92692
92698
92701
92707
92710
92710
92714
92727
92730
92735
92752
92757
92758
92766
92779
92781
92783
92791
92810
92820
92822
92831
92842
92852
92856
92857
92858
92858
92861
92862
92863
92864
92870
92871
92880
92884
92901
92912
92919
92928
92943
92945
92953
92961
92964
92970
92991
92997
93005
93008
93021
93035
93040
93052
93053
93061
93063
93072
93072
93091
93101
93101
93104
93120
93142
93153
93170
93174
93182
93188
93191
93194
93195
93195
93200
93205
93207
93218
93219
93222
93232
93233
93238
93238
93242
93244
93246
93246
93246
93259
93262
93262
93266
93290
93301
93324
93324
93329
93333
93340
93344
93344
93347
93348
93350
93353
93355
93375
93398
93399
93423
93435
93445
93447
93466
93469
93469
93479
93487
93487
93492
93496
93496
93501
93502
93512
93530
93545
93573
93576
93583
93584
93594
93597
93597
93598
93598
93613
93615
93615
93620
93623
93637
93639
93651
93660
93662
93664
93671
93676
93679
93680
93688
93694
93705
93709
93711
93713
93718
93740
93744
93754
93755
93761
93765
93766
93768
93771
93778
93779
93795
93796
93797
93806
93819
93820
93822
93837
93840
93841
93868
93894
93900
93907
93909
93914
93931
93931
93943
93950
93951
93956
93970
93973
93989
93998
93999
94000
94003
94005
94012
94015
94018
94043
94047
94051
94053
94054
94058
94060
94069
94073
94077
94079
94082
94088
94096
94097
94103
94104
94104
94105
94106
94108
94109
94122
94128
94140
94148
94148
94151
94161
94173
94180
94182
94188
94190
94190
94190
94192
94197
94202
94211
94211
94214
94214
94225
94232
94232
94244
94248
94265
94272
94273
94276
94278
94304
94306
94318
94327
94331
94332
94335
94342
94343
94347
94347
94348
94354
94356
94362
94365
94367
94375
94379
94381
94391
94409
94410
94419
94420
94430
94432
94438
94443
94451
94482
94493
94496
94502
94506
94510
94511
94521
94531
94534
94540
94542
94542
94544
94545
94551
94579
94585
94588
94598
94598
94609
94619
94622
94629
94634
94640
94643
94651
94652
94661
94676
94683
94685
94700
94705
94708
94711
94715
94716
94717
94717
94741
94748
94749
94755
94759
94766
94776
94779
94782
94796
94797
94804
94805
94807
94808
94811
94817
94823
94831
94836
94842
94851
94854
94870
94884
94885
94885
94895
94900
94905
94909
94922
94927
94930
94941
94941
94948
94967
94968
94969
94973
94977
94977
94979
94982
94985
94986
95003
95029
95030
95046
95068
95075
95076
95082
95090
95092
95092
95096
95102
95106
95116
95117
95128
95134
95150
95153
95155
95160
95170
95171
95172
95185
95191
95196
95200
95204
95208
95224
95228
95237
95240
95241
95242
95244
95244
95255
95272
95281
95286
95300
95304
95305
95309
95309
95311
95313
95314
95316
95320
95323
95327
95340
95347
95357
95370
95380
95380
95387
95399
95413
95426
95429
95434
95435
95439
95446
95449
95449
95451
95457
95476
95476
95488
95490
95492
95499
95500
95503
95505
95509
95511
95516
95520
95521
95531
95532
95532
95538
95538
95541
95564
95572
95574
95576
95577
95578
95587
95594
95595
95596
95596
95600
95600
95602
95607
95618
95620
95627
95634
95637
95638
95643
95650
95657
95663
95667
95672
95678
95686
95688
95696
95704
95704
95722
95724
95724
95725
95728
95737
95738
95739
95745
95749
95751
95756
95757
95762
95773
95774
95776
95793
95796
95797
95803
95805
95816
95817
95830
95843
95845
95863
95865
95877
95898
95901
95953
95963
95965
95972
95977
95978
95987
95993
96000
96000
96005
96006
96008
96014
96014
96023
96025
96030
96039
96044
96046
96054
96058
96060
96061
96062
96063
96064
96072
96078
96089
96094
96095
96102
96115
96118
96133
96135
96146
96159
96179
96181
96195
96216
96228
96239
96241
96247
96257
96258
96258
96264
96268
96271
96277
96278
96278
96280
96282
96282
96285
96285
96293
96295
96299
96305
96307
96311
96311
96313
96319
96327
96335
96341
96346
96350
96354
96356
96358
96371
96374
96379
96386
96386
96387
96391
96392
96393
96398
96425
96425
96445
96448
96451
96453
96463
96463
96463
96467
96469
96478
96497
96507
96511
96514
96517
96533
96535
96535
96543
96545
96546
96549
96559
96560
96587
96588
96594
96598
96602
96602
96609
96616
96619
96623
96629
96642
96648
96651
96653
96655
96669
96682
96685
96695
96709
96719
96729
96733
96734
96736
96739
96744
96745
96750
96768
96774
96780
96783
96802
96810
96812
96816
96817
96817
96818
96820
96821
96822
96824
96826
96834
96841
96848
96851
96860
96864
96867
96871
96877
96878
96883
96887
96887
96897
96900
96905
96907
96910
96916
96923
96935
96942
96948
96955
96965
96968
96969
96970
96989
96998
97002
97009
97010
97027
97029
97036
97038
97038
97048
97057
97067
97067
97068
97073
97081
97084
97088
97089
97090
97096
97117
97120
97122
97134
97140
97145
97155
97160
97171
97172
97173
97175
97196
97197
97199
97200
97204
97206
97206
97211
97213
97218
97221
97230
97237
97249
97258
97272
97285
97286
97303
97311
97315
97316
97317
97318
97318
97329
97338
97353
97356
97357
97358
97361
97362
97366
97367
97368
97370
97374
97378
97384
97388
97395
97402
97424
97431
97442
97442
97474
97478
97486
97495
97503
97505
97519
97521
97526
97527
97539
97545
97548
97557
97559
97562
97563
97577
97591
97595
97599
97600
97603
97610
97612
97628
97628
97633
97641
97649
97651
97655
97660
97666
97669
97692
97697
97698
97702
97702
97704
97706
97714
97727
97734
97737
97748
97757
97757
97758
97759
97760
97761
97780
97810
97813
97818
97821
97826
97847
97854
97862
97881
97891
97891
97893
97893
97908
97909
97914
97926
97934
97935
97941
97952
97955
97955
97955
97957
97962
97976
97982
97986
97987
97990
97996
97998
98007
98007
98010
98013
98014
98015
98021
98030
98040
98044
98050
98052
98058
98064
98071
98080
98085
98088
98091
98097
98101
98106
98109
98126
98128
98133
98140
98146
98148
98149
98163
98165
98167
98173
98183
98189
98199
98212
98213
98234
98237
98238
98241
98242
98244
98250
98250
98256
98267
98268
98268
98269
98274
98276
98278
98282
98288
98297
98302
98304
98324
98329
98332
98336
98338
98346
98347
98356
98366
98368
98369
98370
98371
98378
98388
98407
98418
98421
98432
98437
98441
98443
98447
98450
98451
98466
98471
98499
98499
98510
98511
98511
98552
98554
98565
98574
98585
98586
98589
98600
98604
98617
98618
98621
98625
98634
98644
98647
98662
98662
98666
98679
98690
98702
98705
98729
98731
98747
98748
98748
98760
98761
98776
98791
98793
98805
98810
98813
98820
98820
98823
98827
98829
98835
98838
98838
98841
98845
98857
98885
98885
98887
98897
98904
98911
98913
98935
98942
98960
98969
98985
98985
98999
99002
99024
99030
99055
99055
99067
99068
99071
99073
99074
99083
99086
99087
99098
99099
99100
99105
99105
99111
99118
99129
99133
99135
99140
99141
99145
99146
99169
99177
99186
99194
99195
99213
99218
99228
99228
99245
99248
99256
99269
99270
99280
99283
99284
99293
99298
99299
99307
99307
99310
99312
99314
99326
99335
99338
99342
99367
99375
99382
99388
99395
99397
99398
99413
99416
99417
99425
99427
99429
99452
99459
99465
99465
99474
99489
99491
99495
99499
99502
99504
99504
99512
99512
99514
99521
99524
99526
99533
99535
99538
99544
99548
99552
99564
99568
99579
99580
99589
99600
99608
99608
99609
99610
99623
99630
99633
99641
99642
99651
99658
99659
99660
99663
99679
99686
99689
99691
99692
99692
99699
99708
99712
99713
99718
99726
99738
99741
99748
99751
99753
99754
99760
99765
99771
99778
99778
99780
99800
99803
99804
99805
99810
99811
99812
99813
99813
99814
99824
99827
99829
99834
99845
99846
99854
99861
99862
99863
99863
99869
99891
99894
99897
99897
99900
99906
99908
99917
99918
99924
99934
99936
99942
99946
99950
99956
99970
99981
99986
99991
99996
99997
99997
