87282
14954
44365
59622
4036
29292
41310
22766
31028
19210
41499
87974
41443
76954
75653
50878
63942
76637
55728
5001
38763
14397
19315
18826
37593
48542
57920
87867
98485
11684
98670
11705
67201
98946
37969
72463
8543
38170
61771
73533
48339
94518
78204
71876
49094
94081
17845
59057
70599
95650
88075
33348
74251
72534
30918
97948
97942
20138
9017
28834
74066
80626
20652
878
41436
37737
63285
5529
3230
1829
82597
35232
69462
58966
89566
79601
56918
3771
90530
61334
43045
45056
95847
65243
74627
84856
49991
36189
42889
45236
59956
7825
42863
70589
47209
72783
62503
99571
379
1593
96710
79938
87598
43627
25539
51902
21796
58081
17016
15164
83120
7391
67302
34284
69161
76961
4885
71926
92250
81120
51096
26480
45750
83454
95343
61177
13609
46446
47814
7125
92681
74691
47355
64486
36107
41651
60957
21923
91250
8743
81423
76823
82371
34946
29260
43129
48244
61131
60197
42340
19330
48153
60006
85042
2178
73403
48278
62490
96111
65121
60637
84674
59042
65098
9536
39427
39296
37706
73383
21400
72973
23864
87328
42306
606
36146
44509
69916
79404
74477
77112
41237
73060
32285
97942
95727
14076
95772
38121
90899
3296
81179
56944
31695
72458
2403
96186
15470
9872
44358
57031
57554
27832
44775
43119
39088
27238
50819
24955
26055
1014
7962
82929
44863
59684
62
72110
29402
168
15767
86124
20986
76064
98512
74563
66607
61734
82018
50444
94395
12513
37338
19904
38116
631
74313
93567
93364
34719
37193
73132
4369
76180
46951
74133
10292
67366
7378
34193
30120
47339
4958
29858
64257
63923
67092
35386
96951
57785
82490
33626
61341
245
7514
53334
37058
2094
58290
69492
74564
22253
51224
29651
61099
59213
39304
65704
14601
9742
66667
89283
30380
8488
71301
10128
71198
93597
20572
89882
57818
48423
45312
4042
21098
20753
69659
26445
75041
14658
75926
29139
64914
48531
68805
66580
37099
88642
84304
69485
52978
26655
3455
13224
86619
51716
19970
89689
29283
28385
31450
27493
25772
79669
66599
63070
60469
75929
29583
201
67092
67670
13768
56992
30483
34935
67522
50322
61893
64985
80468
10728
26275
90814
13249
62340
71080
11457
83047
27362
33381
89028
27524
43808
4801
29062
80197
61274
94897
98512
22540
82734
68656
98030
30333
83230
66331
55867
4133
13939
95020
6004
77832
90046
18320
55279
60613
95355
96487
48805
47336
18543
17528
14378
73069
55376
85871
43742
19948
18947
49972
18459
15653
53311
7112
367
55176
60625
12318
54276
45921
53690
32020
3066
40063
48947
66445
74166
91168
32977
82637
70387
52923
89218
95568
65335
64137
9655
76615
66881
93520
72092
14608
60862
10542
27586
28017
79003
31518
49502
90192
56885
36138
31243
51474
4044
58222
66314
50702
45942
4004
33450
6733
21840
4306
90978
93985
21422
53996
87898
90175
79828
13382
36618
29114
49949
42683
9722
41277
3928
5875
87177
64165
49204
78740
69290
41145
97328
92584
91176
80071
66420
55271
71178
61052
54302
84993
67761
93599
69685
76330
70462
55114
81658
26754
12432
93990
64764
50144
85804
34883
72330
30426
54773
37233
66595
37076
34587
97886
40617
68003
37232
79115
564
52988
80373
27053
34691
4797
36179
30750
17038
31288
31525
31645
33495
35416
56691
13608
29854
22705
83994
53973
70355
61449
75687
54632
12423
57532
98050
8531
7163
28144
68391
20688
67770
68567
52719
91412
27107
46810
6765
41937
82366
69288
59765
16235
25775
28955
95063
60628
43176
34819
47049
80167
25977
3185
76834
28573
8611
3362
84163
53615
91275
75974
58640
28264
91242
54028
16412
94854
19904
32620
37027
98766
8296
23216
59376
56297
8391
9760
53087
26238
73598
42601
2397
27181
78432
49673
34379
66342
24221
46169
59074
57476
49500
9591
10224
38793
82855
45103
3808
6550
22016
19910
72600
4583
89202
1891
77052
96650
62018
33338
78384
56538
42788
66550
11866
36700
4170
21059
80358
23445
50903
22293
31907
30374
19314
7832
66282
51525
71990
853
31263
96729
55878
18301
87504
65073
84286
50165
92955
58082
14084
51071
11885
25692
43998
3713
86276
74183
12221
46931
44725
23647
7318
57546
89098
55113
20658
47709
92483
90193
69851
80112
69469
69442
19607
53925
96145
2305
12305
86651
70355
96742
30514
57600
35450
44279
98063
74619
94143
88451
75932
95087
41951
89592
75966
44269
41947
49314
85918
67833
42431
81985
14234
56342
93279
9893
13077
3185
66300
77321
65967
59015
54790
10089
84815
38772
17564
22657
9820
17913
39024
60515
52363
14601
7494
73013
65203
52144
29210
90437
91004
16512
39232
33513
44118
16474
1895
24631
47718
7958
83735
39838
7963
58671
60826
41920
19295
38669
20951
83980
78089
87056
43545
77820
72655
55157
97070
44584
40152
24041
94539
47268
12976
62184
38957
74525
11317
49104
89626
30891
89390
25383
52390
35540
21275
87621
44818
33950
18215
47328
73678
17774
77146
74578
71263
65025
1803
71753
21340
52549
76915
40203
18962
25110
88764
70275
30376
96721
34521
332
85117
20566
17679
62873
99020
73183
4625
1055
16210
76471
22121
89312
49350
13977
86098
42197
55207
93030
2115
50935
72308
69922
36614
16522
31988
19308
51398
95238
32949
47736
39462
53539
88306
75211
49103
9344
91406
18482
56802
208
49309
5568
3179
31074
14562
41314
9878
43884
62355
91712
84315
91603
87033
97874
79093
54810
73971
29660
50961
644
61914
65512
45250
40327
65182
53791
15089
39088
99376
94979
26257
88396
33593
48460
50865
9306
52743
2365
97194
69259
33992
91842
96920
74643
72239
25001
12806
43503
38996
66810
34818
51058
42552
35123
2223
60942
85542
82405
81849
59036
67508
97221
76612
40840
91785
49999
16765
43484
67833
16606
33746
67366
43755
54369
64893
83337
78811
37114
35291
12253
36316
23288
14459
44548
44405
24367
55859
3147
2188
33105
45164
65144
94177
9035
55805
37654
38353
63646
2453
83867
33531
18521
32402
88882
64254
28880
4942
85577
22721
21275
91609
49529
95821
14541
89730
82381
26293
52494
16911
68690
42326
39288
16109
89338
62521
52363
62913
45228
2005
56301
59292
31115
89681
76129
14989
72225
85991
48483
4560
77545
88548
20350
8900
77878
95852
21066
10619
66787
88699
72293
39370
65527
89446
14637
81696
71924
21152
41175
372
93469
41433
61263
78487
36642
65984
12012
40104
53769
79432
4815
44998
74715
97673
45336
63360
8552
33150
16901
31016
99415
69676
89096
2759
58574
8226
26884
89162
44699
53275
64068
43993
36029
74112
95992
11304
45650
3787
30285
24423
85469
72903
43111
71636
17171
73523
56445
57936
17315
15141
64626
30863
9760
46219
71115
4137
51628
47340
91474
21518
3042
62830
6534
61910
69920
14704
77053
77653
51727
37911
91351
10030
25649
8231
2816
55455
32934
87847
71137
32442
87035
94375
33187
81203
33328
46461
67778
89045
95107
48810
36394
33232
55998
12572
36497
34957
58234
77452
14321
8610
61423
11144
94496
39712
39097
97739
45549
56617
70312
7816
2552
17088
69572
8934
27535
12217
17883
52869
17505
88367
8617
86207
70561
73396
32643
99305
27641
27875
61312
20888
58984
73521
19428
63233
26490
12866
37610
71577
12258
26328
37325
36731
28662
34790
28915
15944
93895
56867
17815
79784
61596
46971
62033
11278
39722
87263
66436
62810
46002
78299
1828
56537
39607
92008
12930
70791
16154
67608
44310
79220
436
8911
26504
6499
40879
32434
58331
94575
4161
11991
45494
43849
2279
41916
87759
7421
20506
21619
52214
15571
92592
67387
58460
32625
6705
32426
83743
96285
54932
90662
98419
15903
72406
20531
79470
49253
39735
91718
74991
29569
48625
95129
94412
76077
28501
39607
86104
26415
98212
43127
13869
87959
74694
77413
9819
83685
65387
91451
54189
84167
74364
55344
20276
48512
79901
8007
69586
51557
93665
19912
23205
95073
73226
67851
88495
90328
89660
29936
27230
40808
39356
91308
79260
79755
16842
80062
19541
69625
12728
82144
11712
69867
56870
3673
96685
21114
56188
16975
60874
87750
93923
36538
38769
2642
25152
18355
84945
13549
18830
44651
97175
99692
7703
13688
98520
43474
16814
46282
10014
66225
52524
48412
21710
1322
34246
38342
61106
74417
24487
25679
32167
72364
41775
74560
38277
49562
79432
14324
52326
21488
85696
23787
24085
52958
95176
84638
85941
74033
24968
50349
59019
59569
9116
38899
17321
36907
5008
78939
61463
10281
88403
88108
77536
87900
44411
26560
69558
14972
70101
98706
71363
50630
2758
29846
12046
5988
14499
71778
39846
61035
3178
15626
15822
42846
20476
76458
17445
96143
4855
7900
55505
73926
24179
57225
24775
66266
97849
87164
36121
23612
20603
68338
58140
19379
41108
28270
93493
46593
19293
38921
16864
16581
37929
87238
27613
84378
83198
17860
21720
97501
30577
82604
10130
12011
36732
52138
42737
80169
74782
44249
68257
6429
13359
31959
28261
88986
68670
82968
85438
69689
71434
76438
53367
290
83961
77253
81611
30730
89336
9093
64531
32631
17072
86257
95568
97470
35745
39956
35921
86285
50366
62619
33570
45157
22084
69317
1649
17375
28824
81655
15230
74224
86813
4653
41310
99719
13006
55019
93996
64691
17022
81
68013
82401
31337
44909
99870
48450
73655
76042
11548
80268
85773
85638
43216
97399
3407
80353
9941
56488
59734
63665
84711
86762
93770
70066
82058
77175
76732
62843
12628
63735
96579
34861
15704
63712
90641
1508
38256
97659
54641
93552
82950
68935
94975
27453
32159
56631
82051
24781
17477
69558
88652
24744
51087
95691
18981
12714
96495
86391
89239
71163
15639
98907
12187
86716
92489
72823
95770
37852
50074
88525
40099
35018
45443
3364
38472
17765
67844
92713
78965
33520
41108
46639
30445
91617
33609
12087
22499
62840
64064
92075
74707
13773
11242
32292
64571
36066
48980
72043
37529
69911
56017
38109
23234
47677
21222
81991
2139
39074
67473
25425
69496
24971
65367
56407
46639
8128
49545
2834
89176
25056
32562
57430
52835
60662
78688
5844
34646
40483
28396
42112
52898
76603
70247
43181
129
24620
45923
45427
99246
27160
92764
78515
62496
95044
62113
59729
74084
72904
45155
39712
23959
38983
7801
16316
87549
36313
95980
28817
91841
16644
68838
28889
3497
81802
56434
71298
95476
89563
87728
75885
8531
69706
35064
37843
13250
12029
67176
96002
50626
21311
88651
49669
83444
61968
63080
66210
57139
46684
59684
5597
17838
63464
18997
1018
21954
89928
38693
27744
64656
94734
93663
88313
39232
68158
14425
84373
73681
52509
12413
14894
72027
79047
7222
66598
11299
48415
15956
94860
22267
78689
5947
96734
29716
15411
11022
74856
29632
56539
23732
89227
86952
66154
33861
24249
10151
8406
16211
84093
74498
21989
83959
93431
15076
23557
55222
51589
13721
45528
51856
27741
13511
46733
41862
53079
14725
65930
48709
79303
20377
45189
74131
98983
84177
38130
40309
57524
73917
2263
10842
36431
30151
3995
83048
85924
44785
33436
6305
29159
51338
22144
2417
90970
51372
77156
78039
83115
64469
92112
50958
55194
35743
37547
14839
10393
63134
8107
10852
49836
42710
66692
92835
28655
92087
26594
47621
91927
82102
14834
29546
42896
38441
48570
37963
64198
85822
21481
2340
77056
57208
16777
45148
96486
4360
27889
21618
42947
83492
97079
89446
18181
69862
73827
52033
65121
71972
88190
9217
4212
10439
81257
38565
10725
44202
5738
27282
98022
1009
25825
9536
80473
52131
33434
15780
7758
40070
72731
91770
70378
49494
41052
78958
72292
85761
40630
16967
86154
33346
35348
61585
45856
57176
59430
90054
66888
82978
65493
98969
70429
23161
61809
68350
57401
19178
88773
3033
3511
85966
73900
15041
35603
12616
44669
97521
25549
24219
22050
61227
96364
2309
18119
80937
50847
95740
66797
91778
1662
6596
98302
68181
75056
93642
80922
77140
37574
9759
78992
87408
7428
51796
393
75869
34304
10639
47647
83779
61443
33960
92875
16544
98956
12034
79163
23325
50164
28329
64130
72555
73324
2084
3049
99545
99426
12503
30403
62614
20419
50457
34463
11709
60730
15500
25430
90402
23446
21438
84196
62039
93642
15163
49428
48891
19342
51853
53076
42848
54211
99889
79784
98199
65012
58679
29658
66298
84056
12598
56079
92342
59412
92073
52820
54515
95900
97994
55127
89314
63834
51306
57138
72674
92295
24778
20099
6702
5815
80985
1399
34150
20594
94634
60004
65785
84924
42160
42038
63820
20597
4185
39681
3274
74268
30725
20405
37223
86799
22210
54128
4594
91374
70694
37709
97015
89470
39591
91930
33999
35881
81434
6887
81285
22018
98406
56282
58341
73030
16452
22912
4930
30
68342
1118
93092
8897
55361
82117
55533
82391
25256
11908
231
53208
4614
98295
80204
38258
20776
46046
21041
28586
26468
36168
79919
79417
76282
73358
30703
20312
78214
86268
49458
14359
4511
18858
40154
48006
45296
48681
73433
96727
40368
91576
74164
87002
48447
36278
97587
27112
54431
61970
52583
35452
2732
12607
98617
13435
16026
85091
19307
96404
69515
97102
64621
41059
55785
53640
8287
99599
12422
3267
92574
68083
17517
17456
38733
54426
25828
12557
37312
53507
26305
96188
30152
48100
774
90255
98998
79371
1242
98399
70574
35040
52550
66075
92650
19398
26696
33694
94631
50592
97207
96473
84144
41648
24501
12464
19558
12123
4650
1313
40936
34600
72514
11358
37189
71911
39077
88956
58491
82126
21454
48580
22154
66271
15275
4294
76251
85605
27792
63406
60455
39261
87352
71471
30725
86770
90458
25211
2099
6048
20548
1620
80351
8026
46198
81661
82003
65415
9341
79594
88444
63911
91754
26359
6549
19060
35311
80052
93205
54628
43541
44445
6897
810
92125
79399
12399
5052
31761
5014
62056
70607
9446
27596
39897
24414
96657
65149
32647
11146
55267
79550
69292
86427
9378
54555
5698
56197
78533
41351
67051
77094
45259
83854
68283
46123
75833
8583
86498
71122
206
84869
94394
49259
96645
78637
18441
42615
11591
17633
78643
86803
68810
18427
97440
16622
72681
27286
26053
79573
37697
38501
34066
24623
11014
67431
32119
46340
24960
18450
62548
84378
80869
12332
42555
54519
80500
69945
87588
2186
90059
75471
35597
581
9254
93861
85676
76099
18805
86218
62995
84135
87512
61553
90110
1285
41498
52778
25723
85209
78215
89164
19895
51509
95914
53775
57121
82137
52520
43158
2557
47643
11251
96233
42056
10470
17740
48545
6115
28702
87256
37340
31006
63969
48926
46992
89986
32457
13690
25756
96826
911
22945
92314
36895
29065
76305
46545
60319
15604
32180
37255
36490
62669
17618
99092
68440
91352
7439
71921
35738
95268
24200
24911
36028
36230
18917
28197
44915
81730
14140
78497
29993
26472
85282
44607
13730
31386
37582
10039
34313
50252
36268
74161
32828
8932
77467
32276
81746
18785
32836
21212
29989
73848
94423
64169
11679
17210
58563
9876
23461
43313
46514
18109
20538
5193
74079
80735
57714
47627
90837
70085
17236
25925
95653
70038
83018
38373
60035
91180
58792
33284
65470
18051
48023
7231
30234
9196
64957
28833
97548
68033
48683
64381
98641
27763
67907
71958
33035
9247
42115
60641
23162
56703
59474
26402
75762
44924
36742
61044
59198
10721
18768
90469
83378
15404
89669
84861
42757
34269
20393
62943
31539
4721
16986
22791
2061
44008
95734
40372
28379
7714
96650
36575
82480
51656
82041
91177
8008
58055
55717
4660
78721
8343
89853
22536
3474
21849
386
42997
51916
64832
22743
55896
50476
32103
96838
89462
83770
86464
87593
23077
48514
31724
22427
85514
64557
42086
15324
92093
45050
25177
83674
76873
15198
88690
62435
1936
54677
63441
71588
52108
11523
72889
19900
37295
76076
9415
12706
9644
94124
83615
69551
94382
35445
77633
87626
62022
67907
89339
90863
4098
57821
61560
41658
88441
20778
11510
72630
36515
15980
51989
25309
49669
85758
5675
57162
41866
32134
25589
45347
17901
61527
89352
57468
82292
97351
62918
11146
82006
89255
22124
60678
26396
5444
72391
6809
77221
96280
21222
76170
46724
93390
60107
43297
76549
57233
9564
49847
26285
74991
69366
84604
26718
19503
61025
14629
2841
85644
92990
98064
81374
15821
75676
87861
65007
67043
3466
83755
94964
78558
92551
85299
57943
59916
68086
49637
11631
82671
40078
50902
32794
53018
43181
94787
10434
82568
73516
63420
11267
69529
60077
79408
27491
43689
8081
64720
12895
44559
73862
8547
11271
12975
35933
45094
11360
72796
97402
19549
8136
14766
16197
31451
92374
28155
33726
36330
81054
23414
493
68983
57108
75041
14103
67261
66761
76655
11661
34892
9745
43803
65118
79797
27525
99998
86284
21846
51587
64465
5372
90781
60883
24480
11719
87162
23749
79303
40750
14501
12214
49836
48042
27849
92626
3352
14689
67020
28787
211
34229
10300
1191
42875
12534
38711
60815
43265
16952
16406
71204
14528
97247
19416
26197
18459
70774
26727
21003
78449
13472
84393
33005
35807
17094
97734
85151
19219
87854
35792
50309
68713
62700
75731
73926
73412
69331
7131
88780
57290
38916
56893
79207
28188
13927
21923
89105
75121
31479
18871
6220
87022
45240
1194
8328
64868
56612
63138
62625
62086
65730
18078
35588
53221
65624
2727
8498
5545
36439
94614
44318
42063
90581
94332
8144
28378
39001
92433
17772
10455
88206
3228
19788
41329
92154
26748
19914
13197
10985
93041
52378
78275
80034
58410
23988
33338
16315
87564
77167
62047
52584
12571
24041
33634
45519
17928
50819
70701
15991
59095
30633
29793
94687
43404
22896
54446
875
12210
99287
12303
39928
99815
63792
81505
53009
7624
41176
35262
23962
80308
88386
68889
80810
22847
44722
72536
47286
53142
46372
73961
50343
32009
32525
21859
7630
14970
25114
76378
42158
87937
83413
65854
34487
26713
678
45169
13203
7979
75765
95587
61689
70676
12813
53228
6239
27958
99004
48197
58413
77496
16056
87971
70669
70107
34588
58929
52926
79034
89583
72553
55463
65948
98373
31662
54600
16442
68479
41193
88589
37319
88622
87678
86236
99553
55957
75915
46637
61171
57228
59293
71065
90276
46497
27886
25675
94336
88441
71967
16020
43584
94100
40461
62811
78552
36814
23219
79120
91966
74721
77948
75457
15730
31272
10276
5542
25422
92223
29674
6903
36491
1222
35636
33758
14413
73604
62175
91303
17901
56968
99168
5812
30529
73579
46524
81132
98729
98001
43681
11987
89465
26159
35679
1013
20286
80614
51239
19708
20239
16653
55454
64610
14834
24333
59645
70560
50375
32197
1705
44356
4565
99374
23946
42721
6607
185
50154
1985
96675
83285
88459
66261
30559
35532
15461
47277
47840
15437
15420
77154
49144
39844
87962
64881
11867
59653
96526
3
98726
86153
75168
82823
78605
40015
20911
161
9312
42947
15338
51515
8921
76188
31207
87961
50468
59614
52963
15851
67659
76544
78615
55100
48797
65961
74099
80904
40283
9076
9561
64714
83743
93458
69145
27154
89870
93189
75830
85735
17867
44016
86976
47392
90474
94760
76005
49085
77672
14924
54005
54804
85028
3756
53358
38611
97566
33148
30955
77382
2427
84116
77114
78404
49893
60167
68235
10364
46128
46654
45349
89944
33879
44145
38899
70091
4740
5473
38171
45148
3118
89364
74446
47951
44157
34126
47035
65196
92745
8105
13887
81551
4608
53105
90295
30443
87751
58591
81846
3547
48184
93871
31249
13415
27401
70496
22520
37007
50509
83463
63295
89815
35572
78640
83579
22543
99406
32467
3496
28766
12556
93359
35718
19595
87399
80230
70501
6119
33050
91636
2389
11322
28106
91180
3360
88456
27335
2033
64051
67904
13898
63406
80439
30497
60574
51636
56286
969
98459
13454
5401
40860
71725
67969
49031
42957
32915
95621
78439
36940
17796
20250
1486
42668
15628
56425
27252
59280
57715
24729
27017
48849
47391
4075
95909
3278
26192
98802
80829
30897
43945
54770
7186
86042
30607
39892
21827
89259
34441
40195
50306
49518
87207
25958
38404
15814
39487
89018
80562
9713
39987
63531
20733
38743
58703
44784
53743
24659
65390
29984
39580
86170
44252
68852
30326
41964
90389
79451
35552
1910
96204
76884
71290
63778
9161
96939
17244
2684
65066
99571
62654
40321
14698
60028
8851
12006
58814
99634
43222
44578
95292
91442
90685
13850
58967
20521
41098
23527
11333
61866
8801
73157
79585
94220
50675
43482
45900
51390
83256
75937
46607
11048
92284
2163
26331
44543
83696
97490
90865
31364
75137
15121
96798
9307
49094
40290
7806
70691
69011
19997
50594
918
55850
23434
66508
96926
5777
13228
27958
12946
89438
31242
81138
4076
14959
32795
16876
86633
91607
39086
30796
64892
90611
38739
52856
68591
8762
7016
6870
16919
54898
52452
77807
58962
65216
53210
83727
34144
43703
44107
8585
70555
73330
15915
11576
48245
12764
96078
95104
27437
89484
17966
36146
13165
5967
15804
34382
51330
7613
49280
37571
58137
92526
26063
20946
11603
33157
63849
62545
49253
39370
25963
34859
72174
67606
14551
80580
61205
44007
24222
49179
53951
50452
82056
54024
24458
88282
67904
44836
95818
2868
51582
73704
59997
48905
53650
75470
41548
49920
20138
10356
54752
78638
69952
15647
73983
4528
22787
99003
37410
81556
32833
51328
73396
88145
67950
22513
27529
52504
31539
63391
45784
74658
47765
43082
24279
43528
57729
61991
87121
57266
78066
81148
88487
26631
17822
26376
54240
39715
30883
85217
55598
66535
1705
22197
60319
11881
81012
98546
14556
87372
43913
12161
55266
36235
99962
61772
9850
91855
72752
12641
50775
58753
74388
43374
588
97656
81498
90540
99015
33299
42602
82553
54030
95299
46860
56445
56629
14912
624
15694
52760
21148
60759
38383
50715
58004
51041
4787
8636
22178
15156
55007
64145
17648
46853
65006
3524
33959
36551
48942
3496
52293
22157
65863
70006
67053
92925
86012
93417
13688
61844
64650
70290
65194
71920
55245
79608
14496
26973
322
5839
58629
49823
43015
64052
74883
81625
24895
16387
84182
98808
89330
77878
97628
11040
58896
77946
37705
67568
77590
33007
67383
45876
40105
87132
30075
81671
97664
3724
94227
43523
5726
93289
59323
91655
18076
39507
71006
93251
94150
77949
92554
71203
31068
36133
66876
3734
40792
60942
79643
47226
96687
63612
83008
92229
41136
16523
54099
32082
34826
40555
50737
79207
12683
38108
87945
38143
33538
24259
55462
48185
78406
82886
69542
71867
68303
38410
59882
93316
14338
46278
98694
43117
56843
83395
84440
59931
88931
33395
88021
80421
66864
53162
49215
38108
81291
734
58707
2459
60349
93047
48926
2604
77283
5010
5936
18005
21009
34552
87369
45117
45107
39830
58895
69375
4622
20792
50690
88426
32613
44135
73958
15826
43703
55453
87008
26135
36069
91905
61916
77551
54129
54339
25675
2035
55683
27317
23114
89123
8037
43011
20573
22039
13294
9969
95258
86051
51388
75056
48898
9413
70522
88797
64107
80974
17089
11190
93368
20907
92731
48186
30218
84400
56290
79484
34543
95264
50503
73506
26489
31579
46287
14528
43850
21572
3736
53997
36235
7885
46521
78591
56700
27553
59591
79208
51909
83950
33044
35852
19435
84014
28657
77277
21919
69520
20085
61045
88976
59112
20022
33743
17153
40591
6483
82147
84789
78936
90388
44892
30534
37009
60937
44920
26484
62802
42064
53179
92091
13221
8434
75856
25694
3377
86028
56446
57568
66501
7180
25794
61073
88446
46929
22703
21157
99925
42229
61406
43520
53000
26279
27891
49038
46947
10160
73039
89967
16331
93016
15564
98543
44711
76897
3224
92372
27051
82160
98864
24561
26914
23628
75000
62967
29751
16735
62677
9706
84576
61209
4168
1426
25480
78868
33863
58376
19480
9715
70105
73840
98081
32387
26221
82023
17384
73603
25975
90833
59822
39936
60489
87829
78779
59065
64906
97605
96295
770
20982
73461
2884
2371
53554
29036
64684
3584
20490
55128
3874
66292
95913
33724
76007
96182
25779
51237
2812
38430
10178
32634
85839
38017
60124
64785
7236
85431
45325
82399
94145
47262
35942
33031
85302
4311
50642
55092
73607
79119
68625
610
94391
50296
60307
37558
3315
1109
75602
66317
72184
37845
35980
44978
35809
33974
60156
75529
79121
55147
7604
38505
64378
26072
29881
74663
45288
48826
25915
54925
66094
46307
20912
20073
11914
7939
60620
98114
85622
19331
86494
8517
62958
43563
32586
3709
65754
23556
91295
22721
36919
60695
88820
91336
99654
83379
79876
85623
37808
59182
11650
96219
10996
12547
40987
51538
56687
1882
35559
71300
9767
50437
92427
34991
90132
58854
61679
47424
11147
3694
56215
30365
22153
77312
1696
14687
95224
80852
22680
317
40897
8152
51642
38691
4398
72369
84133
24449
10458
26015
93721
72768
27000
97854
96653
82512
71613
89033
16271
12637
38155
26361
95449
46848
19098
48843
8172
89874
43493
64895
53900
78811
98351
33596
35640
42088
11728
30033
70276
38906
82688
30551
93141
7483
16062
95315
99320
74508
52925
39479
80575
35610
1068
34152
26521
70416
60640
58586
62093
41189
91937
34839
41203
43253
71022
74495
61935
44462
85101
52744
52075
74721
51443
39495
93583
35832
51596
88711
28288
91495
9544
41494
76370
73339
16963
6848
1931
91727
34319
25074
17558
829
13759
39328
84609
19665
178
69251
42899
81465
19738
42234
1709
35641
66601
62065
61756
1756
32311
66111
49560
95780
83155
42153
1213
7554
10083
73348
52963
42497
88889
82840
88156
86621
58260
26368
56233
64657
26640
74445
87737
8622
75
8042
27360
3271
15029
94619
80079
64713
18259
61406
35638
86857
93648
69172
