23663
38369
13840
91379
58854
98761
92598
84836
70499
32733
47428
73541
8954
18981
56635
94114
34647
19152
79330
74929
72447
57289
37430
77764
95925
44665
95487
52493
14328
98681
67774
33998
14985
89617
19811
2652
81355
25106
36539
67151
98915
1805
78023
70729
38367
93966
94600
58208
2739
23128
57942
6538
84446
39166
75599
58596
46219
75771
77036
96767
55380
90831
67919
24135
55712
45015
9785
42193
30253
32616
49049
19681
9161
63079
30175
31829
94554
11976
4622
71762
99390
76609
96687
19465
59180
49130
48866
17669
76985
9299
31440
73555
88599
9441
15900
55311
43256
1799
12856
86055
16848
26750
37459
90318
42392
19105
99888
3487
51631
78471
57234
43084
17883
33437
51027
61634
72525
4607
26676
14266
28867
65299
5103
69343
19239
79203
37320
23447
29044
57365
55714
81425
23608
18952
33805
58537
87733
66349
16029
67514
70914
84768
61463
52865
53871
95233
9860
57769
61925
78036
17992
74713
268
12497
3756
9686
93254
18824
1143
23862
49848
53
35419
56707
93833
95163
82732
62599
14371
39233
59499
2618
76759
6438
56161
81606
29021
85698
20903
27315
78873
43994
89698
46260
29432
84479
80076
12076
66586
43172
61133
39614
24490
11547
98249
22673
88072
20747
7603
26588
20839
39279
74879
22035
18
17294
89844
50638
63530
69074
42112
84466
2955
21095
19654
23615
15565
82738
21171
14550
60133
80844
89423
92356
92331
29626
1038
81359
85591
92842
36902
78171
47077
56620
81786
72282
51063
91594
88725
12910
32409
56486
64755
60252
80672
61135
48249
20751
53516
10271
86565
56454
68045
38291
69184
70459
35393
38888
29551
75089
1659
29135
98153
35385
3680
76620
13315
36737
78666
38193
82439
41018
56175
54546
95235
94148
91228
96517
97310
31704
11291
42968
31589
370
71829
48558
83204
50457
58608
58295
30160
10540
31640
34859
15521
490
78396
9667
70524
89662
58448
6549
17966
46757
6128
69130
57622
47742
4388
6013
69273
85710
51934
31570
79385
91724
34816
11856
43327
44815
37339
69276
67733
24818
96435
24468
78704
39201
61694
7973
2123
85860
65291
41034
27471
32517
45919
86017
40462
51454
98010
85963
50191
24036
30936
8704
43715
43210
57172
38989
62966
97748
90343
58892
47777
39161
63790
23421
31869
48755
522
91078
87634
66183
42624
41700
89997
57835
85824
37517
78768
42489
53187
7108
23811
42223
39918
8248
22408
18527
94900
90394
10732
3578
50807
5433
10073
91124
20014
88155
31977
80532
18307
36346
58325
51515
57555
20504
43308
70510
42488
15137
80287
84897
54340
11452
40441
64706
91235
75309
17707
46591
19267
30602
15941
73142
13776
26264
73985
87095
86744
57121
63642
84215
65037
16532
88922
48820
1929
35066
73232
52864
93131
82704
23424
80876
72575
9222
96885
55922
50748
19347
32914
67775
76711
27378
26310
90043
1782
19037
71613
66006
18926
70948
35955
4625
17229
65866
47203
16742
60996
46813
87742
65270
84284
86480
79320
98765
50234
50454
54812
61907
7741
92509
10399
23185
54563
70053
52114
478
3083
99740
47089
67014
31510
23671
90552
20214
73383
11438
43317
6790
28009
42197
17593
6723
20528
83955
89225
6744
3287
63969
51953
21080
96777
29344
78615
63403
29019
97943
56877
56435
93526
99528
45600
42969
9234
81198
4238
30457
50270
49462
22516
47719
41149
94646
1701
70780
56810
16814
18871
41473
57628
36378
20920
42007
38468
91601
75070
98368
73651
29725
58427
43405
2073
91095
35855
25029
75944
16382
53784
86799
23767
19540
92196
7389
93410
73237
50023
36789
52527
37173
80712
82428
37803
93077
31669
79265
81235
27234
94647
34020
28143
70186
87169
12417
25368
92059
85794
34941
83482
44026
95418
39788
21461
58397
88585
44988
34014
92102
40226
38241
65666
28924
36926
10238
38698
50087
43469
96429
82105
50856
97544
33739
29459
87123
23906
78339
82200
30602
40925
99413
56334
70615
68120
29763
59805
98789
30566
44504
95603
21020
59162
82773
90472
47767
84766
38009
15068
88004
96867
8909
33788
20151
24307
31945
72419
78187
96770
40742
55357
4470
6851
26625
57735
47752
13495
57257
65746
53536
80448
51141
90951
24171
27187
53061
82340
39994
6316
26659
25092
94910
45980
81205
99965
17379
56029
39795
28931
9766
52038
87391
36906
69525
81593
19414
13416
20193
4986
721
75609
88130
22683
90872
22876
39944
50930
88292
15547
79961
51532
73231
2472
96811
52794
53083
47810
12384
28810
37627
65815
31353
24305
85698
11811
87065
43043
83302
36695
12183
8133
30321
71285
98591
84122
43876
12728
7142
77146
13831
73488
37255
67457
99569
69963
28095
65187
87441
70479
28802
97149
57623
35747
58167
9479
91394
30510
35287
37157
22151
29431
75677
15581
32570
73547
45195
6819
66525
72893
64953
73135
4290
6344
77018
78960
48574
97808
205
62618
65356
90471
40828
66075
20506
3275
31157
37132
45172
14156
46819
72227
12300
84332
42280
82309
51171
7263
22265
76824
50903
36241
66614
91894
76552
88551
24548
81053
60680
1725
30473
4
49983
85679
9668
21256
46104
91123
28902
31205
51948
3555
92145
10112
44201
81369
22603
2913
69502
92916
3967
5534
49222
74871
66832
80178
97966
60048
32251
17324
28997
4021
54696
33732
81279
65482
46764
78792
1605
28864
5951
51829
33629
91703
54517
83681
13618
49060
72859
52629
62144
71662
55087
19864
3070
94034
4668
40487
42728
32743
56145
35361
83719
66972
61501
65982
76064
33053
53194
67583
89078
23764
66707
43744
95324
28939
54530
9322
45723
87152
76170
4998
67932
44114
5246
86732
86611
904
45709
15833
47081
33585
36603
95583
484
89334
12349
20246
22421
65003
51248
80432
5277
97524
83990
13002
83293
13604
15246
27551
66873
57953
62191
47863
84872
59012
18913
9884
89210
93788
68760
46669
29062
27314
74189
24363
61903
9703
36155
67857
79443
97369
57587
39488
57072
14372
49373
79448
89043
24486
73195
36803
43870
67995
19419
8716
35637
95495
12490
15757
95654
97266
60879
68838
39763
24877
40539
2313
88316
20178
22123
2065
40493
90570
36007
50547
98210
40457
88315
90189
63411
84051
17359
22620
38208
1986
13124
27433
69402
33631
36398
28035
2027
83182
26121
96264
79139
91654
51641
64156
38080
72413
56386
30429
16281
86243
51520
621
39943
45541
7076
41550
91249
18194
23084
47308
78738
83578
16094
5651
56265
14769
16801
60162
34845
86611
66135
15735
77931
21218
59803
52010
80845
12203
5907
31094
16041
12231
27954
64498
48403
1405
67949
29309
8800
77573
79383
33112
94600
70183
8508
54477
79639
73793
64215
33037
18416
40391
76368
97240
25886
45381
6133
94709
3897
51744
46195
61986
79345
57435
70385
5509
66779
40790
16393
91072
52757
69936
80357
25987
88598
72717
41586
604
88535
97682
10947
79849
29113
73805
81413
46
51633
22354
46426
91490
91479
39617
87221
32004
26151
49539
38257
79627
89649
78450
83661
25978
29987
10648
6216
16403
1649
43984
21301
58050
84286
52201
77051
70426
17994
46185
428
28926
45080
32270
15552
5365
39067
88560
41261
76064
57468
706
56293
55784
80363
25463
94156
22896
90015
27585
37621
40746
17675
77524
53976
58309
97984
69481
52530
42852
81977
8191
86296
16938
35239
97980
18073
42609
89689
44370
74480
24859
68615
5212
70435
88575
38683
51175
13691
18789
81693
53422
94208
25293
94170
89565
79247
46121
2352
38327
40763
38250
7129
99891
13086
94840
92337
80513
57370
11132
70597
11
82193
47639
4282
74230
78045
72598
47959
71112
589
10845
47217
23235
53596
43487
98609
60495
83151
68240
14339
20822
81707
57298
9566
45705
17137
1515
85355
34401
5464
97656
21172
1791
15173
18651
4170
53364
84904
81871
1491
80636
66870
53500
83982
24901
45535
13894
3236
94031
80332
42304
34029
4363
23735
72734
46588
49669
55622
13736
63848
52126
49701
70954
19288
29682
45983
9416
41387
95577
54713
60079
44897
49161
74987
23687
60137
38456
93820
80644
20295
86847
76376
35036
72385
65530
57009
27123
61895
20267
18736
37073
78846
35743
39894
89430
31623
40777
70003
90212
87888
65930
67138
94010
64982
62002
44639
85441
97973
11903
33350
49022
64815
99556
99274
91624
15316
34790
77262
55796
31860
32064
90179
79661
60734
43142
83391
87583
98900
1350
30134
786
50670
69002
84728
54163
90823
35354
27847
12046
76423
58687
40370
21784
17582
99778
29235
52425
60218
22099
47586
76807
80470
98662
48692
3453
3519
59607
7892
44810
43187
49358
92539
70518
22424
75422
64847
87744
28775
99047
28694
34578
21523
91611
56085
6966
72282
46814
79401
22722
23430
43334
5089
7950
78976
80578
81398
94822
89715
93079
3016
51323
57304
29189
44183
4052
19299
69193
60347
25987
40521
85116
22144
84466
61261
13016
88865
59131
13638
44634
40319
15351
69229
44099
47327
65262
12328
8216
5502
59821
87023
45642
80561
43830
38296
87664
45181
16369
80291
94128
16207
78465
22340
82268
54010
29745
23112
74105
60779
43052
12421
52827
62730
77196
40547
71533
85615
72235
32193
70573
1791
22421
36582
43315
97154
16319
66533
13361
84705
18864
6572
24854
38561
90781
94697
65357
21751
52499
75832
4995
7
12589
2414
51398
16701
88550
49595
92552
72455
52392
42176
51747
7437
32963
45709
42070
11950
18841
61589
84366
87928
69334
29745
16800
77924
58429
76717
21554
69132
72829
97587
50393
57449
13890
6930
10685
90957
97288
50090
63865
99610
30699
22455
69663
4253
43098
41400
21080
23083
49641
36571
8393
83126
7557
65319
62513
64683
34851
34501
4367
63596
79410
24811
92352
56645
20143
49190
18918
52205
9558
53028
60996
84763
20214
64604
26118
62466
43774
22650
41501
41035
18931
76395
7816
66989
3843
769
81678
27980
62964
85379
82472
34667
90230
39989
9468
65999
88759
8479
43811
93713
47989
58652
44620
28831
97454
67842
9978
18321
531
46504
56008
36995
2235
16409
44237
26323
27764
15988
64635
50489
33588
23197
81793
98846
68973
9348
75984
71610
51999
80272
88282
27534
31816
46439
69558
14683
83126
8988
79008
21661
70077
43734
51166
15559
18212
10361
38910
79964
27962
3732
33243
53767
20166
66822
93470
25400
6172
59469
11808
21468
30027
82157
12909
15031
61011
85049
47429
40033
44276
57505
11197
82746
65121
99064
5954
60523
97940
82368
67293
26139
84987
26228
87954
23274
3920
64274
20355
6894
56006
34628
90673
53895
42815
43594
1570
61185
36794
12869
33726
75398
32618
84354
18355
7293
47650
64801
68665
70435
40301
86464
98512
40868
22362
68009
6821
94774
75284
99958
74932
54259
19631
13180
48263
31953
79070
77947
12060
92479
84258
73120
19492
9054
99005
42996
78280
98041
72357
4421
82662
52771
46260
13679
39770
16396
41627
10439
14360
13119
62263
12228
83061
62011
18748
2794
15781
92908
13070
38356
67998
51397
17038
56029
49308
45981
5713
15276
29182
26307
58509
2266
28622
7871
88300
59520
96734
17958
66563
86113
16814
88889
82236
44882
4554
32603
33936
27426
37135
56493
62161
37642
19374
58152
82082
6258
41993
97590
16746
96732
923
19118
28317
54130
1173
69610
24155
71687
36994
64231
76789
18476
92811
41880
37033
7090
92279
3622
62159
95031
9674
13640
43115
52047
29903
87131
48355
26704
3024
74495
55147
93978
73922
3758
6460
89377
18365
35834
63939
39961
18537
7873
52437
45084
15829
91503
67936
71034
53632
1425
10109
6078
10426
39409
50914
7257
98437
77875
10228
27438
92501
68171
34553
12441
91222
31416
4331
57597
98253
92001
79689
51848
88599
74347
88072
75141
66637
86868
84774
76093
99593
63023
4831
24555
62242
4636
87320
64603
54355
79011
98329
20062
66587
21197
59640
23469
32829
90944
30864
65015
999
55413
37489
88522
31183
82583
86864
61498
92025
47289
85759
36144
61558
68052
72888
93553
34503
95421
44594
20361
58079
75776
92502
79221
74502
19099
17164
5451
8602
52664
53486
57222
39983
45352
21054
21105
52247
60409
58611
94351
39037
11668
58959
40837
13995
8181
87756
93221
85612
80392
6292
92664
57324
81308
38448
92935
47227
87111
35896
13349
64368
38774
56714
86236
72906
41103
76021
47251
28018
38053
28821
21977
35484
14647
1561
21618
97581
95526
69407
43291
70870
85808
70498
17722
97534
98958
35658
199
54334
24902
20802
71313
6597
18126
12518
71054
31068
18718
63931
93475
60164
21936
696
62348
93147
53399
4418
80905
48158
44985
68470
51750
26728
18443
4608
70149
20761
46471
78088
68361
58194
80812
72460
46530
71100
64083
50216
95376
43112
20937
55153
43317
10449
64782
82914
41788
44670
64840
56270
36960
26179
79236
51636
37019
22311
96299
8081
23404
38849
83901
15183
72227
48891
45805
97082
60620
65017
55001
74611
66101
47891
42340
95038
11134
38461
10353
99222
57212
99368
62654
15137
80970
35617
54811
6238
49101
83543
12646
72154
34339
58586
21636
2114
12935
27455
72477
85426
16867
16352
66709
77996
72530
1792
96707
10885
45488
24492
40176
31129
14465
18269
31917
11966
64283
59706
47313
11478
95058
2779
4110
82111
55294
81160
79311
32005
40458
37087
93648
82294
79451
45845
11386
36886
24571
7891
99609
75785
43585
42658
11228
27950
24831
59010
99881
37803
85288
37107
53946
30722
67228
73879
19384
14627
97329
90063
95922
79388
48575
59073
86138
75884
21352
99227
1148
69909
9891
90514
16860
95055
42468
931
40907
31705
95881
52538
68134
19818
37251
34769
77195
35845
71999
58064
46712
61324
59376
58579
70690
89164
87931
23977
99535
75830
89663
83576
72496
45837
44543
24318
44543
475
43277
51539
70385
53022
58484
20746
49847
6016
4866
99574
54743
18052
95920
28041
52674
34812
6640
16792
55122
93144
55346
34682
95554
11096
55923
47695
21002
36419
75234
43390
54901
67120
57552
99094
91584
27297
44756
24022
70290
93520
92824
21160
37843
67234
90595
26568
81642
93400
96676
68994
45014
73988
30135
59449
70633
3992
83864
99300
13212
35706
11553
35668
90163
56243
88481
13680
17967
91047
47452
33377
90665
65536
46489
20681
34162
35907
25740
50446
3012
88548
25791
70613
87171
73076
41407
65738
40054
7416
65826
33531
57853
7830
75248
35620
40462
26025
85141
39782
69871
52979
32193
30608
9682
19058
10265
89119
31784
2507
46558
52737
64387
10851
1111
6486
89837
27533
13182
60527
17886
40253
11173
65561
56126
84923
10275
69555
504
90388
62494
13946
1782
36202
82070
69510
37503
70443
43468
31405
87690
92223
97390
17573
78077
42426
36736
63239
44070
34834
71304
53167
13174
51403
66901
7232
91189
58894
79085
31876
95878
92856
30866
7217
96984
66094
24016
81479
83909
68079
21062
61974
95499
42466
623
55069
64484
58765
24620
82893
50725
99399
17488
6476
36400
29126
43079
13205
16853
59826
86979
79388
37164
28475
54692
29135
36840
27429
27811
71097
600
48321
61084
20608
37823
58584
52822
83310
26926
86048
78609
28812
74715
70289
10442
48746
87617
26449
3181
5724
1811
89867
7160
42079
76382
49951
6280
56505
68282
83507
81187
45405
37708
33126
4225
57934
32347
67045
57879
32315
68877
42519
87777
34761
4894
77235
48716
68334
91325
79057
8317
87129
3906
14814
84801
33712
93135
83497
65202
3601
64163
1018
55811
96697
87157
87299
85513
75811
97107
91566
93733
35081
6166
66133
24690
97126
59457
77905
44264
5628
43831
24778
77290
61808
67223
92942
60050
62547
97557
50909
94455
73756
50998
67744
67608
68049
23879
50137
23560
17253
89370
43062
1654
6011
74430
46400
15799
52136
9529
67024
81394
27607
74661
79072
33256
94950
36645
94239
49918
76461
97539
15806
47785
28479
42151
32328
75125
8841
19413
61295
87442
31351
2084
14305
74491
57366
80567
89658
30276
10708
35705
13074
99135
48835
4090
48599
33515
19101
56864
91477
1947
6306
33708
50578
51902
92668
56651
71479
92367
60195
65941
75496
81147
34909
48389
57588
32907
68509
98517
6791
98285
12876
84534
11581
75331
84101
98377
33490
18600
71866
56157
39797
6746
27317
58565
82203
5385
59129
78037
79247
86842
81350
9177
24295
36472
1915
34514
65202
51512
46005
61870
99789
519
74454
57955
25717
52402
16673
86536
14870
95442
34242
34735
48258
64082
53354
70787
38654
99646
12824
47898
83734
75722
40532
75351
32113
59964
64180
75455
67519
9463
33
13365
88974
99748
67732
19028
81852
79295
30906
9385
85799
21596
18327
34091
85184
7829
81895
75448
90527
58481
54431
81197
83983
92754
93937
3265
61066
21018
56174
62559
1183
1659
29894
20414
20847
96474
29004
30622
68792
46047
23989
62849
80041
58140
959
63748
79252
35415
88205
13881
62433
50614
74448
85474
16191
454
82050
41516
79253
6600
23852
90246
91127
61817
58536
14812
18484
42940
128
12276
37228
36422
53109
8132
13439
90917
10492
23470
70721
81678
86627
39578
5033
17058
66865
50894
23753
91292
46763
65260
6904
90073
41202
87464
73770
62501
10762
63877
59713
79358
95030
77195
10429
36679
43519
56007
37583
67627
92212
50174
21931
75180
75626
12783
85883
58887
18532
93221
89329
34150
80303
7189
84085
30178
59972
55450
83100
25138
22224
14827
83385
30388
20369
22006
89485
97015
13782
5403
75259
7043
26889
78536
14422
59078
99017
6540
59163
37947
58223
36825
3451
26137
31442
11835
70993
14933
14278
77520
57810
43477
59392
7075
41666
40179
35604
47593
86146
34666
45567
5175
903
3935
9729
73470
21671
78095
40002
80485
3277
21617
1525
30497
11500
56968
57977
65714
31439
25000
11228
4349
66031
78658
53947
70338
91102
67661
32645
14457
72224
51315
58045
66382
99065
58965
702
29142
50209
62748
35161
37165
20980
73213
98809
21518
50055
9512
87432
54574
67157
87246
92778
72917
32887
57036
64519
27130
86321
69464
42311
12793
34569
46887
21173
87060
24467
86040
18918
37956
41896
12385
82899
42330
23734
53748
50113
48086
41488
9389
24034
78243
88133
31419
63477
55661
16462
19496
69192
64736
43329
94023
22013
68990
48515
96697
59115
7388
36314
26396
6491
26075
91745
40881
41011
95038
45876
52968
55792
37164
28875
94378
96620
59876
79044
89859
44159
92344
23065
38922
52641
40488
87184
96014
57677
30363
40529
23102
78082
75452
81362
45813
38339
60815
45135
59521
53310
29039
59381
64463
99498
69733
5629
78164
71049
12807
38198
31130
55053
82954
19963
60229
7703
45829
3876
12929
12282
71845
52984
65098
47838
65414
7839
98295
17825
22677
28822
16868
63480
80319
67484
40987
85171
22548
63433
88607
83422
99902
96223
87636
94019
48856
20120
37486
29677
99917
43870
29268
35816
13615
47194
7825
58564
2512
57061
9367
67385
32896
8506
77712
57988
69571
68076
41026
55407
89870
55027
83998
8878
87006
21730
49862
40421
87669
48052
79128
77896
34707
80805
15452
11163
44333
24925
81094
98680
22220
2247
78664
88654
12932
14784
11831
96230
99887
75850
26647
96545
99942
58944
38182
65662
87003
74020
21891
57912
47350
28628
73913
9899
46058
34428
9067
72087
38963
90052
61214
91677
25551
1514
12829
84870
15830
79307
67117
38915
5847
34330
16110
76079
78736
40851
43915
3825
81609
61001
94494
4606
43054
6043
74019
86651
85384
68806
36247
93632
29367
26804
96556
35671
62861
77938
48780
1828
38569
22975
5352
59903
28527
50176
55068
85020
22913
65904
14016
63788
66492
93205
93965
74876
74962
51150
58890
13883
64479
22088
22547
38266
40554
1808
85477
52908
32026
50274
56328
33004
75474
68800
89625
25469
47563
2911
93459
41516
56524
11484
51706
86835
8712
92075
48516
34071
92661
51791
56227
23664
53732
91398
82323
72553
77826
17308
92445
9277
57962
70624
80230
74050
67076
92339
48887
6082
69950
60572
11817
70499
27750
10809
36973
60872
60193
78001
66901
13777
7659
73252
27362
6558
60811
2115
10187
6865
43090
69948
87591
9200
48145
49230
79832
8746
22740
96795
61428
88305
43198
17947
40689
26341
73026
47885
12940
34482
16219
65449
32725
72976
36105
18064
60731
34952
82600
48645
18256
89270
75023
11669
53400
44169
33250
86225
38964
97160
91573
74749
50085
55695
25213
93568
9343
73303
23092
50620
57452
51763
15497
15832
41785
81366
24226
23224
95137
4274
8687
1326
10068
91644
80044
83466
65764
18539
147
19437
26252
40544
5211
10907
96382
31455
93009
98351
22183
45467
7249
67976
1824
86287
65121
35841
58868
19529
2090
89471
16521
98081
27028
70371
83949
76999
21726
31135
95007
25211
8118
1157
23798
84918
17947
22427
13554
44806
46508
79339
48093
44342
34124
96247
71293
30444
92629
31626
33946
86795
89270
66217
20998
87385
84939
66760
54798
81051
51959
99545
12092
35037
32033
5439
73573
68686
87912
40256
7702
38983
96451
18745
35606
85132
54298
3820
54391
16587
24859
55605
17695
24066
59642
66650
82222
70205
66728
5696
21675
75004
33262
54170
63855
52467
39686
97053
26765
72460
21014
77103
81469
88487
98347
8093
44772
64321
15790
41548
92130
11826
71877
65735
40183
77040
25384
22135
3250
81842
75710
72433
23000
55151
70133
32104
89902
99396
43258
98276
90723
65748
88634
54667
42204
74313
5110
10363
84733
23097
34108
98777
16241
26373
76072
4452
54295
92635
65655
85027
5449
39707
87587
65245
19305
84758
46016
73159
39339
85362
37777
84631
82617
21258
91720
99256
67111
50194
345
99126
67988
17625
22457
79577
23577
95527
80792
91951
75025
6758
54328
85250
67301
97245
2537
82536
12659
42646
5795
9369
80122
85825
46399
27516
78821
42418
49587
29370
91122
52358
46535
49204
6845
17859
36504
24623
95789
75229
31433
91981
83515
45140
17953
37176
69435
14171
54214
70744
95529
9588
9299
22020
91889
41398
67160
14837
3706
93104
51471
15445
53648
82056
48470
24439
24684
15100
46606
87872
91651
45834
61487
53602
77896
33771
92774
65674
71326
33914
2988
18256
34430
12338
77508
20587
33154
67029
30320
89607
83340
40585
30896
27790
98869
15260
84409
98755
40214
70665
39054
55119
51948
29459
29278
12882
72524
91566
28313
33403
94211
13853
49616
90003
52200
18069
31784
91091
77537
12961
53403
93590
53071
47839
39275
89384
18551
68775
99651
72446
53965
9772
63021
37472
75135
46363
56009
86913
42139
79809
4497
69039
68382
44521
33158
28198
75867
22914
89333
82719
22468
19294
43308
99973
62711
82871
56788
6184
48392
60813
51498
74570
24135
40203
8413
90359
89198
70439
96262
23986
65354
33831
66399
82283
55875
3361
36738
42797
66793
41851
33439
29267
52445
7858
10585
67450
4793
75510
69789
11089
92445
26097
16608
60589
73591
96040
25653
70969
61582
56442
13576
84459
80363
51462
19705
28850
19301
33930
22840
31627
69255
56230
27353
78035
5600
31198
14420
30487
56775
40254
85501
7431
13641
27320
51643
10569
24593
11849
78246
23113
5330
17273
66466
41294
39988
193
41907
93064
80536
41415
43739
44965
70218
64517
82839
708
94818
77128
5331
31137
9847
50388
78629
91534
39809
70181
79821
57218
62793
65328
37287
67819
5039
22056
3305
94944
44344
26396
43519
93393
63922
46301
85249
77888
81317
90686
74254
13576
35927
81332
94792
1499
64508
56125
62699
40202
50265
47485
83595
98142
78003
88771
92393
37700
75513
9674
34929
75204
23787
87035
39380
98034
7301
38000
81821
56125
13804
12179
39985
28806
43027
60933
42696
55019
63690
74139
87651
95520
94244
39651
21353
37919
85188
14404
4578
15158
54691
75939
12335
8351
99489
14242
4547
1806
10406
4867
32258
33347
41107
61866
45781
49631
65481
72480
53511
28435
5237
55732
49568
96339
91799
40508
84827
79818
89518
19353
90021
83560
27395
90680
2229
85718
94286
36981
25826
62153
36616
45946
21382
65589
39886
65926
2733
94713
92046
41832
39321
99864
46642
88010
92086
43560
97350
25035
96885
14627
80711
91909
82247
31291
5354
39405
65783
32139
70214
2872
19653
61864
46400
75450
91355
82646
35057
24906
30797
17367
14902
18466
44402
39294
52659
28419
68985
90082
98532
42389
64490
44654
36834
28235
57915
17845
16047
78533
53483
59490
34558
87919
11007
65486
87906
43559
69910
98251
72369
94236
58730
88541
75284
67090
83846
86152
35182
4993
67647
2917
24870
32637
10416
33774
44819
83089
20886
78328
51588
96965
1284
69153
21641
26526
15172
575
70177
31716
62699
71928
11296
91551
20504
89135
1725
69210
11017
61180
72470
13482
40857
99029
44576
21608
38106
80072
59375
20154
39211
69867
73597
9456
10166
74154
75835
92937
11337
52767
89746
33430
71726
7744
63732
39958
22729
658
33668
92833
84590
17948
65919
33025
50429
65910
34693
86618
11771
28992
64136
14505
18382
60207
29072
23626
12532
1058
79496
88500
53633
147
59976
7680
94259
21097
51104
1639
55731
37929
1214
90345
60651
65165
30909
22345
37406
61549
92202
18549
18696
60026
3924
3748
13044
7274
42351
18649
1876
15309
61988
94820
88480
75902
42841
50535
45934
42389
92824
96437
12106
98361
73887
64534
88146
10387
21412
65320
34897
29949
67523
20224
63126
30265
2885
11406
25904
44447
94190
17694
83880
40782
55524
69211
62203
74052
81559
41262
47987
6985
78577
49156
47041
16805
32827
79149
27512
76401
90569
98945
25737
61451
20739
3005
60599
22307
88337
17099
26870
44210
49891
39360
25381
907
83034
53214
85893
67113
88502
21114
42453
96520
37341
50776
95180
40752
95653
2994
70770
20780
19614
92568
77370
86841
36703
68753
11040
89274
80363
97087
59387
34696
56288
20832
41120
25062
90972
58001
33939
95762
48428
83086
33130
1080
59442
64725
65727
58273
97458
51400
72210
77160
95353
52912
83193
48973
59083
55423
25125
80291
39943
29838
34291
14724
2265
9349
92811
56420
48733
95545
58296
6914
11563
8815
56388
16379
97091
18143
57616
80889
24469
59348
45965
52521
92461
87919
54074
10058
70714
18955
94810
48609
82842
57500
45457
67018
50020
39857
27899
92361
7473
70328
14409
31102
52967
81856
95992
10870
1604
83482
71152
62846
71139
1017
54039
93363
55278
76248
63503
16341
72769
47994
66195
58426
33782
92269
36489
39102
97139
30024
14275
11864
96620
51411
2872
6376
34325
84582
58587
11501
6409
79690
23381
89779
48016
10171
48644
93417
98896
77359
73742
51281
61171
43824
25731
74352
80977
64197
74735
7909
58490
77807
14681
98998
8706
19503
77468
92454
86729
53221
46015
59396
12134
16563
92626
7549
463
61440
37703
86608
91496
51032
70315
78818
71014
18672
70528
64040
70942
12008
43640
57346
44334
29193
71536
71624
40136
28974
28679
31387
77655
98272
84537
35134
1135
54905
99452
33054
39797
54313
19126
12364
61640
80983
8313
22316
30795
26527
6460
83462
52721
33594
24184
76057
43779
30267
33340
89839
38512
10294
55597
47532
13394
70491
54653
68416
39641
95392
16806
58044
38102
72509
23780
19009
13862
9808
99756
90196
70201
77728
68749
79117
78750
79519
60066
847
20813
12969
26096
18706
69424
7529
95074
95932
29455
4827
24991
70158
5559
32300
53061
18554
53702
31581
92644
72211
56629
59783
14649
96989
88642
4312
50213
52771
40665
55259
83050
31239
46495
89078
46178
88947
26267
68845
55611
64463
79937
60868
88691
96140
56732
19585
60459
37213
14648
67312
64555
17861
71305
66880
21203
267
91803
72650
84697
75818
94455
1042
85572
53221
31150
70343
51044
42744
90341
55716
24843
58985
49469
77721
87500
18621
90270
1827
49167
84008
73120
95992
94350
33660
24310
15103
41647
18530
23543
50619
7358
2663
16778
94889
2565
37901
39885
16959
53163
79395
52226
76212
98119
60495
47767
70686
50944
94919
9617
57527
65091
60863
30420
48185
52671
49596
56753
53224
45312
28487
33100
36527
2822
99133
23592
35138
26081
80164
89874
81378
30027
86072
83431
65920
33506
77860
26755
78841
96161
94892
17287
74559
2235
51846
98278
8984
19699
28201
66316
9951
91898
61533
35755
9865
11974
17074
48868
29826
29131
63181
20271
74806
86424
17501
34726
76587
7761
25388
62068
19819
55397
74449
93333
36096
46123
64482
69130
48088
95134
26278
32029
24200
79314
12328
92459
27469
93905
22344
1970
14605
71383
30220
21880
16444
98214
78964
52053
47003
33319
95979
9951
79163
29566
7961
7024
75167
37288
89525
51638
54494
53044
69240
65879
93928
21563
30221
3038
55968
48381
32516
88902
10216
95834
64070
55810
70843
10249
21762
53703
99827
43544
59110
59351
57802
75137
84938
59531
68606
29350
31718
49756
97486
60137
54083
7310
52641
53226
22767
79993
69766
24285
57034
92085
59445
11111
91998
2945
67988
83093
45771
39536
84182
55353
87104
75761
52223
11426
80070
92538
3426
19991
9942
74352
6699
91728
50507
93622
50008
92914
60338
21423
50722
6820
50846
32241
70938
30162
45496
49576
46094
41054
12563
79716
11498
32797
4349
76737
11003
12149
54834
15281
49872
74641
95659
47432
78489
92895
65268
7843
60145
67911
38106
17365
67832
56104
66723
37872
7897
7152
51224
36557
24299
19959
98333
68184
38994
11673
19522
80922
22149
4814
1650
26436
1226
6696
88040
57142
19614
55561
82657
67913
26705
16030
61132
98655
27789
75451
55646
47781
99991
3700
87427
46497
99951
36374
75631
55646
95474
92384
76978
35922
13279
50593
32169
90920
93270
35983
9137
3502
66267
4289
57527
11581
2938
12170
84939
8512
21893
14707
467
37540
85689
33203
57084
68955
26751
18189
33003
98252
52878
59238
74801
23450
97069
81090
10013
76943
21302
16346
35755
94918
38550
1788
15258
37074
10322
26816
26363
65709
76547
35970
63046
95361
8610
67200
28423
72845
82878
58545
76277
83893
60266
86240
71203
59689
94964
52069
29520
97039
85872
45246
36889
20943
41363
44879
86030
25020
61339
36275
68257
13978
108
30717
48314
38256
46197
5360
72040
89548
85393
16663
14931
76077
70730
18369
37453
71025
26264
70429
86119
94875
70662
40590
95039
8544
96949
78284
98870
81551
98938
86871
97984
48539
611
99320
14517
95846
41464
5621
85508
50411
80156
5521
64679
840
81682
39358
1042
64998
39004
52608
60005
50503
81790
48639
18625
34475
23873
68072
59063
95359
67444
76289
56124
28867
14317
32903
51321
50805
32461
63494
61758
22367
78018
77396
35158
18522
2662
31306
53622
94878
91748
56224
75088
65991
37498
71972
36388
8581
67770
27511
67093
52416
16491
19684
4505
86822
59853
24894
20459
43187
72250
82324
12251
28764
97351
98132
50180
71288
16394
71738
45406
70379
9877
63282
22186
87728
66432
61234
68427
13218
42053
80557
22836
77223
52773
53077
51612
49946
32104
81136
47886
37043
91874
27318
3101
51957
72976
99140
36725
33748
5730
71552
13517
58241
7251
51082
22904
54388
25491
90459
60986
26165
87686
16125
87640
17255
77637
52327
66504
80241
38050
14419
76584
14441
55720
70525
25866
39359
51297
70970
79213
21092
86418
17715
47751
98134
69793
78205
92350
85353
75319
81718
14230
54387
26559
45405
31652
21235
34126
56686
50113
28127
27069
84730
74651
15434
78130
19583
15877
22062
88317
67305
60751
49371
5758
91428
86512
8412
51620
47517
89695
45730
40783
82516
24706
49391
66647
31712
4445
24129
27302
26175
42220
83642
75776
91224
16620
56360
30499
21071
7123
71509
64681
99588
51424
73421
50858
87273
37581
7207
65791
15070
71361
64403
65569
5099
4450
64254
53584
41625
25479
64325
3055
34349
54988
93748
34605
77218
5599
73977
9631
29378
14551
3337
38184
60321
83556
7758
86298
77014
59873
72429
7734
39542
46502
48816
98928
69455
63834
14260
35662
85022
30566
36465
98319
80429
42181
93249
79880
17709
19575
88175
96586
35723
54805
50078
64255
67794
41310
57811
66803
76254
20976
84384
36815
64984
531
34541
43840
93747
38351
8133
46326
76385
40061
27418
69897
51282
60347
1814
76694
25579
94777
50272
45959
44447
28977
66567
17425
92333
20916
52366
34039
51989
15678
74612
6924
27768
42955
15231
88277
19275
95492
66532
65484
50423
13874
57077
7265
71953
49331
34599
81851
16433
4265
79071
94588
76753
74608
69625
68195
85732
37928
70005
1003
18544
92976
55454
58993
76713
82996
91000
63283
17452
67325
14918
29139
68148
77255
82165
27771
4157
39344
13576
90330
30483
55339
68032
20812
72661
81588
10440
73464
59500
88767
64859
71475
7106
78665
41362
58755
84705
66000
80846
18750
31305
34239
92606
56208
91724
39073
55822
21210
66026
75478
23276
70872
45765
96643
43736
72219
32992
42724
48519
58837
99001
24701
71892
48948
23647
4526
16356
96421
44562
74116
67956
75066
48054
46956
38081
1638
723
40611
86676
40324
38189
3369
85480
63320
11930
29620
62745
60301
32517
68193
58347
14494
59103
49285
25972
44144
80444
34977
93223
51740
1681
14804
94590
92459
40808
67018
74147
30489
44445
35219
49915
62684
32601
39598
61968
46846
46440
96964
10713
7238
69369
20209
70312
79158
48561
93660
11407
73901
50573
49384
69808
35435
70930
11972
91744
50805
41330
31069
2040
51023
66462
45651
30552
45670
87970
83112
25271
20880
98498
8117
23531
25002
67375
75095
44337
41409
43077
64358
94458
9581
94116
54535
91507
94135
10441
83063
85423
28892
96393
80775
28083
32265
18058
3208
73405
50950
76989
49756
8434
91503
42683
56235
92483
32125
18427
91095
96027
29092
54382
68967
80648
98613
56407
38304
47331
44516
94122
84178
27005
10500
57088
67502
84840
18958
60244
99158
77856
84064
52734
11340
88180
1378
73033
57740
26037
51844
75890
85366
2681
46883
78943
99843
77068
970
76346
67961
37589
54581
57417
77625
98336
59121
37260
8150
50221
94495
1842
14176
33908
81496
77943
39582
14386
65130
28702
68858
95637
80609
71687
18583
14657
3841
68110
28381
10300
86191
44736
46005
22300
84975
9082
31024
6315
1255
82880
30209
59188
6659
97206
65739
3021
14738
26174
27541
58496
52046
52783
51803
36248
21625
68079
54142
44709
21826
12461
69915
82027
41575
7293
47128
28653
95669
16209
24378
70450
27402
47024
49749
66257
28764
8949
95163
56607
92786
45703
8374
86226
3152
29872
23600
67376
72400
63933
41327
13625
33899
80305
83071
67694
8216
70502
92583
55548
78091
38913
54109
65321
1631
77681
42389
49658
30766
50436
7188
10238
81628
82725
39012
71227
13844
44213
36320
99667
93674
39461
24015
90194
47232
19438
66797
63543
64676
32014
91205
33405
89110
3680
95995
57892
92616
23734
61669
66273
69438
7733
85690
64575
3924
49068
32099
14800
85503
31058
21710
29268
66956
4508
22401
20164
96004
82232
77387
13180
145
15786
15958
17539
90330
44608
63193
65144
58538
55667
50410
80955
4847
92285
23568
92948
55679
65553
49079
86436
8052
64955
20061
36007
80600
83413
74857
18723
7868
77507
95995
17103
55362
48109
49022
36803
23834
99670
75994
88312
71689
39037
50407
13915
54150
23984
16188
66483
55935
66215
45316
27020
27864
43140
86066
49216
73683
87077
18220
64546
62283
31267
59554
87174
36666
20139
11458
75792
9595
72983
24772
20279
15178
37128
54176
11542
20743
41185
67104
29647
60633
29123
58127
83548
30255
54913
66321
21140
24770
90783
46444
10198
93238
41516
82436
49460
44991
44153
45061
59487
30272
88565
61017
62283
50159
51910
71385
71775
26133
46790
6400
27804
9489
86296
12251
92040
74620
60581
70173
49749
47527
97336
54863
45042
53024
21810
21381
92014
79860
61706
78795
24292
88622
24581
67102
11880
7998
41358
39223
21836
53653
10194
41442
34255
55276
38202
70125
77507
60516
9222
41148
7257
31239
87715
15641
21675
69454
75368
63880
32102
9277
10931
45529
9746
46633
39067
17655
62112
32825
93297
96509
19695
7466
56248
104
82106
26124
69374
48648
47393
30026
16950
92784
21811
22759
28116
4236
34869
94948
90628
78066
55410
12734
47623
70770
14622
12116
43435
5191
39240
85510
28453
83503
7900
3544
95630
24663
26451
84694
50359
15344
56792
99186
12938
28702
12055
69705
9791
91662
84163
87428
34648
53351
62116
90107
7226
75226
44764
85011
2056
24660
31541
63431
54365
56402
56553
24996
38438
7219
45964
40495
6202
73
63354
62178
17015
23305
42169
19571
81754
18563
87083
30261
64186
683
17650
61911
71553
98421
58015
83851
26792
53056
93146
30722
17678
96713
60520
7474
2037
10368
91163
71641
89498
599
6812
71739
15823
39543
64365
49256
81686
53325
6814
98457
56636
59906
92079
84504
43695
23560
99005
53951
32190
22544
73546
49849
27435
82488
23917
41765
69423
45761
88435
68954
69035
74783
27249
76004
86919
72714
45384
66859
59721
15666
83347
51348
22163
3215
73359
40289
93081
54262
32903
50100
54813
6887
16476
38130
71081
52547
17069
55522
5353
70620
90729
91380
55714
73796
22446
51678
25203
16871
35164
27554
16774
51541
13660
69643
19347
9239
65446
24630
25074
7011
18100
2862
78522
48555
6465
92879
21595
21871
51548
10284
73940
25779
85903
21741
96882
29259
82343
6224
11623
4434
48447
68879
21282
4346
15245
35298
35664
84158
98633
76955
55310
59252
61494
28560
44010
33726
50190
27030
2742
2559
82414
95880
34151
24395
15259
88519
55120
14103
40559
60027
38934
19343
74084
62008
4016
4742
73276
6716
71486
37096
37323
24916
92226
13196
80001
51807
96991
75269
3608
2314
29100
41367
39222
92954
32981
423
51615
69736
88143
8300
72219
66758
77846
34369
48223
18912
49541
27836
5691
2174
39856
37144
67327
52614
22433
95151
42795
24542
2414
10916
19409
60335
55156
66588
38953
76261
60178
40460
3921
28274
67876
72910
43423
46419
81977
87373
84133
9835
16692
28736
44639
13163
604
20884
84379
20243
55232
56097
37990
92209
82859
72926
72975
264
97279
65969
93114
8109
51601
40767
81412
65771
11329
57921
70542
3750
53333
16311
71560
56796
2865
65591
1243
42312
63061
85310
21906
87680
4562
75079
87366
1726
55658
74841
6757
17947
15715
6682
43935
5271
37768
14946
2540
36886
54429
22186
16701
12164
61052
14947
63549
53753
57457
86531
14020
3928
4878
80315
52985
89489
11852
96548
16352
44006
8671
55255
73287
29995
20404
39163
49449
59558
24681
45049
25086
69558
37641
54444
65376
66673
4324
16501
30905
60901
37223
83978
49806
32767
59452
84686
29666
1290
71713
52284
57576
70992
11261
18557
27434
55516
85861
6521
28495
2943
17962
48746
93996
27409
65371
69964
94698
84112
44927
10576
40591
78468
76199
96496
17260
39075
3092
50845
76355
944
53253
86452
76978
63581
80282
99983
928
17426
88010
72407
3651
22566
62909
38967
57580
27178
95399
93804
32656
5061
83938
91801
99891
92762
66726
12599
2067
55494
94440
31210
44462
59461
69517
97934
46065
72180
44777
13168
28031
35985
21144
5401
38682
22174
97047
50565
32241
49253
20320
34162
60165
12245
77249
41748
8153
52651
55032
5765
65654
79308
13645
75194
29913
26734
9836
272
75098
93687
51229
3781
66042
21789
354
63620
41223
33452
364
10392
90286
54182
93498
46113
45983
48740
24176
38789
92534
83707
11440
87741
47371
22906
86487
89584
6647
75919
7734
51710
39585
37450
36715
67410
38020
64762
60444
86779
92671
39187
72496
39796
94394
90384
45130
16254
96783
36309
47714
21359
31196
16430
35266
40228
79236
61459
40954
69554
73916
81005
98784
19194
84057
94962
4232
93659
35764
4364
58555
53890
8726
31863
95031
33244
69606
7849
99427
35852
39084
77197
15181
79159
47937
54024
16098
19581
56981
54236
34314
44002
30269
202
52381
76010
71991
12978
35110
88964
75803
28503
73266
1245
45376
49502
629
38549
58471
32212
41658
49615
81736
56047
81316
12225
57784
36013
78821
87052
54484
95833
61690
40581
17932
59820
42530
4434
25582
37679
38202
74672
35790
4607
72822
36849
2832
77737
29149
11331
95474
26581
6433
21899
26616
92576
57306
68881
18613
90465
5151
28405
29074
75629
16896
99647
8351
27605
72418
46484
48148
98733
34264
67620
58370
72104
47130
15137
5722
51167
41541
20138
64602
11856
99503
98661
12720
8835
16741
86155
1036
296
35139
17308
86598
67164
53006
24244
88937
2923
9074
57814
85435
9679
77108
64900
70025
18006
92531
42737
66772
84450
16959
27693
10802
94921
37014
1312
90211
81821
63959
58130
78769
58182
45189
68102
4642
56555
62490
9831
60158
96400
4517
64411
36855
28345
77249
80308
16473
79309
60340
26277
75792
33494
27777
73746
32688
86148
74890
49024
42342
79857
70149
4875
24697
68255
93465
46806
80923
71902
55190
30173
68434
26410
6863
35015
3741
31696
80565
68632
45733
79441
90865
71362
88515
92064
30525
30267
80072
75717
99071
33065
73804
13252
55491
40378
89046
85464
72628
6097
23493
15256
6807
52026
29241
88667
27109
90943
54817
18008
62019
16083
27874
7879
11199
85227
58976
65635
83784
11085
16396
66544
9642
32160
46954
37913
22693
53635
68798
54547
60778
31354
33395
95582
56178
71394
4263
75369
81402
31622
81526
74420
78174
20458
18658
17457
69425
50692
69852
78788
82006
37515
2354
31434
82175
49064
80692
40533
71167
23337
28388
1141
99854
5012
80090
82515
87513
45881
86993
2039
34275
32128
66802
69929
83836
37441
76218
62964
48955
20146
40939
45382
34523
23835
28044
94133
37424
88165
35582
72956
77061
80305
91516
71554
4948
69414
16493
59228
63329
99554
89546
65672
2899
21841
78278
64698
72879
49340
92703
77556
1042
29880
84640
6862
42251
51455
31728
22
73780
36060
74203
41073
21227
1632
84250
61151
33777
75249
21377
65276
9629
89314
23462
10594
47838
16862
76841
95756
50508
49022
75172
88566
10250
50810
90544
80512
35930
81180
85361
30833
91708
1392
60575
37240
17637
38103
69363
22222
38008
41083
17866
53016
80707
27421
30777
94792
21049
2730
45837
44418
47943
48172
57821
52892
59861
94141
89711
26783
30300
54166
83075
88875
11774
39429
83872
45462
6086
69565
44537
27764
89213
34951
62684
34003
65510
119
9079
60190
85911
5497
72103
80097
99348
49802
83582
17324
61066
37059
31696
10224
56164
12720
94554
59878
53838
37791
35664
75631
43460
31924
33698
65686
88565
83386
51754
24498
20794
5939
70484
7175
10861
74736
14954
69484
46727
28732
96923
98440
87738
34194
73992
97718
57448
11696
92427
94407
26174
52323
15236
1350
93873
68321
93153
70678
34803
18870
41833
79064
76658
93878
10949
3881
462
42322
55915
29416
37876
92677
24265
20150
38523
1934
18794
46549
98842
64184
55240
53427
72005
87764
70191
43168
2914
86536
92618
53818
41356
71073
23084
55978
23587
70308
29852
16071
69262
76803
72894
26873
5135
363
65594
36216
51681
2969
11244
66259
74928
63341
99175
54188
49844
77622
30534
8224
99692
24205
78353
20772
79027
12862
76872
56267
69986
18337
94511
57317
34850
42471
64278
40898
2603
29424
6404
46900
69246
21945
17696
86673
9756
54866
18043
29335
81953
61678
96285
24363
35809
85684
43882
20442
84189
68338
29777
43616
12033
42513
54961
41543
19101
92387
8168
22599
22270
99449
91770
13164
17481
24977
51002
30549
76147
77
48248
39161
20256
26207
83975
26884
35798
88608
1066
31263
76189
73760
12954
52365
61461
22199
83542
74097
54164
47866
58952
62349
23322
28457
2512
52422
20275
41094
6639
96163
40041
75168
31346
27892
483
92781
28569
94480
82591
63862
89571
94294
23911
67788
17720
31093
83762
4760
3123
41415
63930
10032
11721
77080
34709
77222
79034
62660
63442
29434
96787
8031
20786
12016
79550
84078
62849
20732
9671
54162
99983
32538
23179
71397
3312
69210
54591
86877
59724
13080
3642
93933
46467
76074
69440
35595
25601
61618
45357
44460
73722
2963
13498
79467
96610
4097
8014
61353
73515
39953
98564
64303
17308
19951
5301
95471
73291
65743
59490
16072
59287
56411
63649
42055
17476
87563
30785
20330
28979
36466
48123
87873
32317
85109
4279
75982
26029
8663
4664
3307
34615
17487
82373
72330
67577
95707
64981
96727
24300
73966
70710
54010
55079
37316
63931
27129
74832
50775
26015
96315
18655
29162
46746
35174
37746
73858
93119
39562
28903
79445
46671
30615
93177
48794
7166
14056
49593
1760
47647
22915
10696
77627
34799
58392
48271
14777
67771
41959
83900
3538
11887
61855
23065
61150
32989
65089
52266
57024
1350
64739
34371
59136
40007
28496
85764
70231
81826
85772
5298
6531
38920
84630
8659
18842
68737
82662
99525
45148
62488
8086
38651
23265
78117
44796
39669
55665
87224
63573
63035
33074
24639
37438
72087
73468
72948
16572
36748
79849
49926
30939
32150
28776
97890
27284
23263
20496
49151
61063
6843
97521
2179
2600
43553
63271
80180
11318
22599
13192
96831
52550
96025
50429
46303
21822
46677
17773
90762
798
6758
26580
42494
59385
21434
73042
70627
11808
53826
59648
57821
3808
4871
61406
42577
90786
34787
97576
18257
36656
18083
24135
9382
88856
10071
19619
43225
11817
73746
57718
2590
56857
60165
76924
95005
52169
20915
16647
78558
5664
59344
37550
56112
20276
94747
79749
44407
93832
93301
43049
73328
39311
93244
51090
35394
51951
27337
9322
71490
97920
29923
59004
58562
99411
84637
15430
45272
80720
3283
10121
41799
66231
80316
69855
81100
1384
79052
76172
70727
44126
58825
91916
25892
60823
76200
79148
98437
38319
25668
82549
64750
64105
80794
420
75468
44431
78787
22677
99331
77041
8015
9053
55346
67209
80794
22486
80927
58126
3765
50903
59273
74101
70679
62658
74442
40473
86746
85765
91803
52891
51305
65136
85544
26668
77487
34543
10225
75530
87053
58097
40208
60091
39526
20340
82810
77631
84055
88046
54206
84309
40932
3962
3691
42637
56558
33150
6671
35301
51841
50069
58873
35714
2217
93950
85344
73389
91364
42271
95197
839
95922
79319
51794
23754
44010
77247
35086
55358
51239
9212
95753
44853
92447
16005
68938
2212
93299
45227
71336
58366
78626
38793
63468
75982
75225
25961
46838
20977
79269
81553
10647
49965
7753
51240
35131
53266
58955
10473
46217
22988
48808
57603
46915
31682
1064
24170
76200
95566
42508
59582
32889
76313
90404
62005
55833
10706
31485
70792
66637
10027
81112
7639
55714
945
70933
17914
88910
76806
92974
22181
53935
18076
99104
70870
39024
94543
84484
87358
44682
54944
1629
90442
65895
34858
46761
4174
97282
90275
37850
19533
77706
22417
76575
69031
31012
60038
41787
48926
26256
79257
32951
92007
17444
21890
7923
12362
35477
62770
15575
81750
84053
85709
77576
3365
76438
36805
8663
74502
53548
20436
26099
55053
33328
70582
45822
7731
96288
46336
98333
44427
61092
48961
87209
77059
17292
5491
14307
98995
91158
48542
7813
99429
3723
94634
72307
6656
19721
7774
58671
15635
40411
75290
68748
72827
42852
73805
84315
97041
48538
24660
36897
68211
47151
41584
54730
77677
63980
17730
44182
99876
99958
4294
82353
88159
27954
4681
27809
1522
46884
62537
7448
20104
59667
88520
11370
49100
66441
24971
37464
78836
9558
10325
46218
32459
29684
26203
31420
59834
33222
75236
58703
80210
92345
61631
87488
61560
9548
61633
32086
29613
98956
44601
67957
21497
40216
48338
56079
23348
65380
77029
42234
5680
37721
71256
66301
61478
69944
93782
44324
61532
9951
39596
73747
15952
35493
57086
83382
83140
4095
41668
31735
12006
9893
97220
83241
7834
16654
88909
52481
89702
25848
3565
21285
95002
29061
89392
41117
37914
45887
2581
37349
90441
93563
82062
90468
73875
19931
88437
95543
86136
6318
72806
60231
81808
76882
58589
74745
13439
47578
69132
3300
39159
87306
26264
2301
24580
42591
64721
88750
80792
9292
84076
52229
85396
91774
70047
29704
60495
63233
92473
17223
70982
61436
55419
36330
48448
56088
57655
56777
12893
73278
11427
13946
10747
80830
38490
18789
58340
18699
94960
65396
6039
20995
2159
79238
71025
30445
55603
13923
16280
51163
20606
33385
67524
44303
41880
78180
33578
72826
95751
7997
60775
25727
15303
89481
75237
983
24679
74434
7789
67053
38112
14099
64105
42537
23794
50317
43540
99178
69340
98295
68033
79500
17688
36994
11333
42474
22833
89434
5954
93661
99905
90808
2672
47138
96332
6324
62410
42361
43155
3384
13075
84073
26773
23696
323
53090
92009
87486
82354
78299
50928
85802
73727
31449
31386
72534
33821
41649
17880
75535
6171
78340
92794
60479
62798
28105
79780
67840
69918
16841
24881
8555
6858
21668
16260
56143
88600
57393
43047
26365
9213
89026
1379
42399
90917
92197
61242
39145
64576
98695
5604
1191
19434
42708
52612
42294
35572
36090
92614
51024
99348
84555
46327
17887
79558
20128
88257
65810
85949
55450
78690
27693
22219
4900
2728
25146
55848
95285
36395
31678
34914
49746
12710
41543
40066
70640
22292
94657
90295
98071
4483
51528
92129
36642
40280
12951
14844
90402
2751
72703
98726
81218
97196
65843
13839
70054
97875
97824
86140
77197
82048
28794
73528
56821
4148
10994
63928
51421
74045
56580
77897
55301
19921
70732
72505
2418
95239
79288
6366
29711
70898
27641
98630
90477
12122
52499
27325
47914
99449
75860
61461
92688
14607
88161
86997
5876
50594
204
23520
98847
76085
19490
16192
6825
52228
19393
61423
30337
25465
94502
97570
84649
94414
94884
3251
50398
98944
39217
48073
56630
28013
22266
7654
23874
29322
66679
34284
92435
66083
58041
38413
32249
10895
77760
11791
8742
32206
28745
10072
24176
47843
54437
15323
63990
93192
63205
20830
25466
93075
22448
51623
87756
79299
9367
64515
68296
78246
82400
67859
42294
35595
16286
70004
21007
17694
72738
78761
43999
82246
94539
22567
18438
78455
37112
30397
51800
13908
90750
26878
1572
84869
25558
33772
44370
69840
47885
35010
613
42583
39839
19742
38049
32910
22814
75241
38150
97144
50092
43012
49818
56061
77576
51122
61796
52330
39332
44476
82836
94149
43765
57829
22817
98731
50597
15562
76907
46215
96291
70965
31519
15473
89433
19583
62456
42881
88605
35743
32162
9423
23233
55988
30105
47561
24614
23754
21521
13840
32813
53069
54735
44015
69102
65479
64596
85560
74369
64983
91258
38109
6682
40209
23927
38920
54162
24971
31263
57624
72160
98475
22342
3736
21126
67051
78338
96190
7400
84742
46894
46621
60279
67650
35180
79463
46124
6714
21282
66594
30608
24358
3653
42277
32696
28297
24627
89520
10446
69303
91930
95366
97866
59105
94134
4712
74879
19647
32600
45038
34898
47480
51714
6852
34726
64657
54926
22176
3219
79536
28302
54108
20084
56331
16847
15732
41247
74514
49431
34685
28656
83510
48301
7679
26239
24212
5431
30225
1296
36962
59326
13680
50953
92789
74031
47003
27709
62893
63099
73198
30055
41565
51645
29177
55891
93658
44987
19965
69942
56928
85670
86722
6269
90076
63740
78552
9059
67129
54477
17064
79933
84202
36506
54581
85007
81521
22265
24693
46337
38474
1045
49318
74572
58487
58931
92527
20303
25832
41551
70612
21022
11718
82789
9173
27930
36317
26699
75364
29083
28036
78875
28961
25225
85770
29103
42483
59338
12607
29381
54853
79158
90204
73058
74971
99239
4144
92499
5136
7756
7751
41358
56398
989
36153
25687
57480
30728
30765
60158
93591
42890
56744
67142
21519
68473
37302
18657
31006
29214
26228
62615
61473
83584
56951
19301
40674
89339
21404
24065
54769
44816
66861
44028
63518
13110
58541
28865
70033
16526
6240
75258
55302
6420
19866
79345
71272
85841
3427
37684
7625
97806
21603
23026
38043
58563
85456
98178
33326
87821
34672
11394
43079
14493
70701
73149
69305
97485
59125
47910
75298
85838
33195
39873
30308
3646
12302
36897
30815
17973
28611
60140
34120
47678
54497
18842
27720
73250
68377
60220
29268
31231
74112
20186
516
88376
7387
60533
57681
38471
39718
28139
71344
33230
27041
53016
63942
94410
4183
50361
64423
4808
1036
63980
83504
12434
43682
26740
44892
33762
12648
11289
79334
46807
18816
95148
3581
48645
75563
26312
3901
70599
27924
19635
99439
33455
5750
54308
11135
27038
41194
83710
56918
42832
44016
96954
97012
15886
62778
61508
12683
71335
81840
16348
89371
67000
17091
52893
70821
17896
56466
82234
15663
68209
50226
80387
57331
3576
25086
88327
91588
73886
62107
58484
74078
24815
45989
50969
37576
51383
6460
66349
61993
17620
99653
61737
25444
54215
25694
16464
44818
27908
9922
28911
57979
17225
34005
13118
10384
57708
15053
18502
38664
80716
86045
92509
43476
20233
50751
21453
79713
61360
72860
11572
30122
3279
96603
74372
65464
42983
44421
75465
1975
61631
70705
12747
52661
21588
82193
39273
71322
21390
90199
66950
80063
39022
69797
13120
35917
87236
51664
9882
79538
40702
5872
99452
19042
60058
81351
81201
6312
94236
33163
55118
97352
70587
1522
7634
61554
22645
76857
4808
14309
34819
66801
73
83294
4872
67558
86687
3771
7042
64365
25765
46608
23971
71882
22762
87845
93338
89819
9236
4810
32426
44453
92672
57432
47260
44473
41864
42502
87792
86242
94206
55748
86767
15533
74709
16568
40700
89653
8190
50739
68137
36139
82736
97774
96453
74399
16897
53894
78291
28141
11377
37713
92854
87526
73702
89692
54664
16570
15217
25540
13962
53567
7119
36717
70070
73857
48268
54369
21872
3942
21570
44040
56539
84732
12352
61921
54471
25122
14726
11803
10152
22320
45388
28242
71971
5988
90209
69033
31009
83593
10321
76288
14822
71045
41344
55762
47675
26592
29300
2222
64295
14189
67407
5200
79516
88310
21049
99420
91406
18312
11388
44758
7038
30904
84329
46368
20597
88880
13336
48561
31436
12603
79724
63215
55528
2952
58549
52393
76739
11614
77583
29651
84101
32061
63272
94206
42546
23084
95615
74355
49341
41477
64520
4620
5242
48025
90828
69968
19984
44417
82221
76169
30381
86434
92646
12100
73076
59324
89041
59172
10578
46575
79235
56930
12975
29867
25874
25093
96191
52083
55606
72283
10872
27724
71725
15185
3293
53095
59289
56213
20921
92649
11236
68165
93704
45908
73796
64371
60559
69652
82809
2616
38540
60616
2162
84626
92712
64906
42224
71131
68936
77949
19683
72647
42083
91602
16176
62458
34990
14391
23828
6531
65683
49725
97026
74233
60512
61316
85512
91825
53372
60037
87024
58233
23860
83579
77474
25972
78260
4687
68135
70610
68049
65119
51592
99435
42979
90251
42293
91737
38352
92124
12129
9103
71138
18512
89194
15801
96635
31622
87511
42257
61087
90082
51579
1531
44848
87390
44886
47454
69047
72814
57498
69408
35582
87662
69130
10140
12602
746
28479
91715
55430
62697
36100
56684
45643
19863
17409
81145
6843
63886
34294
65384
70461
49857
91901
82354
15810
54116
40433
95875
81494
61147
18894
33335
3218
3101
85582
95662
9039
24644
91826
50795
28053
89620
28450
25615
34385
28358
43787
93900
51429
43921
90407
98601
77753
47411
1819
27890
80495
45249
31833
2808
17108
99113
70278
31852
55090
31776
12246
69459
53027
57773
26355
423
87937
68433
28637
66635
80280
1521
24523
58440
5180
23649
45007
16680
88407
5423
52632
18062
34330
79433
45201
24592
37173
52812
20999
4147
71202
43947
9799
65762
30236
36280
262
67114
32045
16402
85818
18516
47908
93387
11270
5696
55302
83348
29811
77786
98875
50279
25881
89596
68233
96945
57661
72288
2206
15866
948
82112
27878
7154
35334
12556
2557
66170
25070
7719
53950
52588
60222
69983
30298
65320
79999
37863
56197
90461
69045
78706
80394
41104
1505
81646
59454
32619
30369
15547
99762
97349
35282
62983
97058
19306
3637
13639
32522
10855
32847
37044
44089
59156
72331
60799
65917
62942
66906
22610
92382
2480
16443
26533
8423
78653
45109
57274
33054
73645
56481
76438
20661
99586
48036
87932
51673
73093
62394
36263
87816
13138
56143
58819
98847
45629
47497
74993
21119
11677
16981
29076
84641
7879
1318
79574
66723
16025
66482
3117
60394
35073
58819
38027
94916
27663
53970
4464
20601
96087
93374
87834
58864
19759
1609
31255
79931
43380
24624
71451
6144
62505
9989
5517
33316
15519
37066
55963
88022
9072
86987
53775
72118
41764
6041
5817
92320
8887
82751
1931
18297
96658
47811
83172
42292
15126
43610
54020
73314
3671
94280
26878
67732
19301
60308
17835
52590
88677
8164
15291
50793
17118
22905
96199
22981
41648
59593
23682
84778
59871
18901
84430
92345
10030
43783
93514
69364
39333
26026
33353
95590
14741
7526
28350
91728
36754
19958
6291
34641
90527
83208
61049
64370
10984
79280
85530
73771
84456
44201
21322
21077
24075
7274
52348
80525
334
11264
60209
50114
31235
53453
49739
97083
88560
88669
2751
33704
36663
53089
54089
58723
43536
38987
3866
36418
5554
96420
95532
23133
72848
23053
94710
7414
67424
63248
98426
80010
8248
46722
40892
28978
72210
84727
27598
93590
61166
13186
69542
18671
43637
40744
54065
63127
1563
54432
55808
17360
10527
92777
69537
14477
96589
61224
8969
68033
41794
71004
46156
4450
8783
83103
87983
473
55062
25244
37301
23465
88433
84872
45558
19802
62771
78847
5198
82913
45158
32027
10289
62702
85619
83987
63708
87825
9025
75598
55015
84713
26772
62274
87030
97867
79542
70766
83695
33835
26388
29872
35270
36906
2239
35811
72595
21501
35411
82297
58757
46165
41876
33777
83984
62672
76628
28694
81058
63676
273
78515
56500
95299
67611
68342
91164
88664
3027
14944
7967
95612
53679
54502
60067
37228
5307
40040
69986
12427
63929
96748
61562
19656
93321
42742
80834
22476
27011
30405
50615
39106
61761
38733
28629
72963
91450
89004
65825
85981
61161
4043
32099
17695
98604
1844
62801
39875
91848
50027
6182
93689
85674
16490
50769
76556
28968
24668
83466
40660
17510
69910
46399
85079
34901
21645
38221
93436
37974
16536
56522
83470
33052
14595
27071
14249
25711
83148
31891
1668
72300
97790
28035
2523
97674
77320
92942
17335
74135
47898
13868
25532
30337
75483
98718
17616
14641
93993
50240
54051
50098
43918
75867
52575
32144
23387
64856
54765
8507
74180
48367
96705
11274
2487
63805
83844
46876
71866
41940
10812
30137
85121
92556
38618
63415
56361
99991
90303
69850
60660
73683
46156
46387
95361
9592
79717
81193
92487
99825
42624
67188
87118
19175
49936
82181
24394
78201
75401
56676
23540
26632
37455
41170
8007
48751
47232
96237
24948
82767
44314
71410
15011
28520
61098
20796
6503
19524
72850
93930
18044
12334
13302
69151
36703
28448
15492
18723
59946
70330
77277
64263
48362
88238
5668
46342
14623
27159
67618
7655
82288
26858
26932
18910
86729
77413
2418
40498
10546
87237
32060
59961
95373
30516
54435
13984
71371
93822
29041
70471
83179
41924
67702
99913
11888
31146
17488
14649
80542
80363
17206
49064
41329
5964
20417
7747
56026
45774
95127
69144
25016
54653
38582
21881
67950
96005
98362
95706
518
44485
55851
597
93634
22939
17670
24269
86586
57951
25509
81455
79223
59692
77550
63860
64395
26937
37493
78467
94283
41189
3087
57395
9867
90865
5972
68206
10932
62599
65455
84082
1220
38872
96518
38641
79842
16484
51873
89336
57148
50674
88281
53452
5951
22528
44382
66064
38450
65140
12708
24771
93072
10256
43467
58887
26208
21316
650
38652
92914
67774
56
83179
39321
33020
37462
28255
69151
21250
63164
61229
58953
36199
35167
64180
40233
38090
59419
46975
29978
50306
23939
16456
83131
92883
25666
11575
19211
66844
42829
79816
45181
6316
6247
41706
37272
43285
24496
9859
62318
71386
51307
46513
62583
14242
78731
14379
79049
46126
78329
8294
46838
72391
78948
44532
72547
83184
3654
79111
79616
94139
42223
23892
38120
58583
76241
40594
52567
23239
68583
51105
54435
19278
17154
82183
62552
85895
51057
28309
4788
8433
51276
6921
43260
52390
48445
52365
47833
87853
69132
23004
51443
43366
14150
90757
50664
4515
34953
83304
24936
51286
54543
26717
6032
70372
81108
29236
73730
79289
58661
31382
44157
86230
59751
7979
17342
29381
45953
70741
41395
56525
60008
3994
65464
34496
63109
11199
14192
10514
42596
28783
14017
19877
81948
29787
51468
95487
91606
78939
68455
75837
8508
41875
61785
6593
31391
67761
35346
3718
72420
88018
7172
58676
24141
12324
51586
50799
30400
86086
45684
202
886
10796
89428
97081
59906
50687
6536
9636
6939
29985
21340
48055
68968
302
91963
87446
41895
41246
95658
21614
91291
58790
37505
52647
33008
59935
80775
66453
78411
6942
10057
65326
13490
34498
94966
58934
35925
52845
64314
62934
30616
29289
41941
83499
36479
12876
57912
39034
49653
19542
56027
37889
82776
29399
49821
64713
83332
70734
96569
51319
35162
57740
51618
76898
66445
73846
32507
45087
42186
99785
6581
30713
9377
63544
51590
36636
4436
83569
78242
69232
80987
40959
49529
1858
14129
3848
14541
94878
48638
12661
65454
89017
10114
12690
56595
22027
66587
15436
3671
99706
75891
28087
70766
15729
64618
18194
80803
99535
68603
60258
10000
1820
80813
99290
45560
3159
5464
75612
21988
16362
69714
47962
47640
19327
55766
98901
68433
53548
96175
68583
2014
19305
84454
57148
46936
67810
19174
70810
76256
33192
53000
18529
13491
80355
83104
76685
1452
60834
26051
99865
54038
99922
44051
7006
84812
93900
13097
53146
81328
34537
27422
52651
99460
20433
79094
42970
99496
62769
92106
29876
28336
3211
57840
59571
70049
84999
12168
73724
26409
84936
73573
47938
65848
84697
37847
45736
93822
9126
90225
63619
23011
97510
85916
72637
97725
65238
40695
17814
51633
35234
72489
48229
10153
41532
38629
47613
72526
71438
20088
43947
15938
17868
29139
20443
66653
72003
29679
63130
95586
34063
55713
87573
97534
11080
90300
51873
92220
19451
54078
61300
59879
50615
93912
43537
86173
77918
80285
24961
64941
49788
38630
96668
35085
80948
99039
89800
65370
49301
27698
82168
78860
29995
65102
68405
84597
95890
10035
2042
66359
55686
47101
37241
53311
83830
20683
78971
81378
32086
49579
19429
9586
74900
67299
2358
72156
33410
81310
86956
46082
37106
69426
92711
2992
17888
54922
97797
98877
84488
11989
3149
47392
19961
96554
94631
77324
53506
20277
50920
36394
26536
91651
78411
85042
74777
59526
82651
55717
34747
33509
1165
42921
49726
91300
8810
84610
21104
31563
44619
54954
10351
43349
86205
63725
45433
2391
3555
87587
28351
94667
2299
43274
9080
74041
77113
93408
37554
44993
37519
60314
74211
50823
73006
61188
62589
68251
51462
37750
86848
49635
92393
59534
89898
7144
25870
92688
62058
47002
55250
97623
56306
16129
61145
79830
61482
21953
6257
33040
74944
15497
55191
75472
50813
79992
82227
79622
58804
4780
33215
1695
17460
81416
80005
76576
4733
33826
68518
93438
623
4582
78838
76572
31261
89226
2917
59202
3329
70224
15705
96855
5897
81553
77463
79772
18607
56140
98016
35396
49606
61483
64440
85779
82320
26733
16386
52401
24044
67478
86598
15851
98381
53776
3989
82343
86342
99035
58212
47170
63778
6520
53908
70728
38736
59822
80466
10896
2587
79191
75033
21073
92279
2251
79701
87428
68535
66759
14787
46423
27228
13497
72213
27243
27976
56778
94961
65068
70033
52840
5817
23626
99473
27471
30565
39224
35129
45748
94476
59008
28934
11310
40802
64289
61836
75041
4027
74343
66959
52584
1038
56454
99376
82654
34965
80498
62564
39817
61392
36765
68993
75364
82249
31918
96689
57096
75122
75066
7145
18902
39178
54210
74932
97571
48991
4937
56648
64257
2798
43696
44154
59718
41382
65969
12524
98522
91850
67316
80581
27522
54933
11312
95482
30180
91095
54114
68712
10871
67518
52291
99907
841
79728
62857
65928
58604
24052
69533
90543
42110
89777
59924
49692
40883
46190
18668
45173
66689
96025
63812
90350
23944
79107
96153
37824
27356
45192
25081
22968
34672
66668
28678
85323
58241
2049
92425
61159
53628
2565
43087
84261
26189
20649
51301
94939
46629
40428
31339
87566
41927
86533
26648
45284
16655
85024
83243
26423
59167
28735
21545
37862
62312
92962
31735
94246
80561
37858
5237
35669
37479
2423
90997
10671
3298
24569
72535
14329
25999
60931
52259
1595
71615
15283
81507
44331
78443
78414
97402
46468
87458
86561
89956
43958
93233
59427
99499
10646
66510
10806
77219
65558
82369
70476
23715
22992
41264
39462
22368
67323
95013
22327
6952
50112
89950
9447
63992
72071
90193
28883
56475
47946
57177
4434
287
47563
23393
38675
75829
51393
17740
1538
12677
78510
44575
39785
66156
4076
99724
36275
12723
53669
21692
56940
89485
31810
53815
76516
67340
60539
10419
10610
56193
36942
99927
14613
38638
58667
79947
13110
56746
26283
45118
11849
20464
91296
17875
69106
17060
29512
98057
28741
25572
38523
40518
74277
57478
16324
78495
79374
58900
5165
69767
8783
85088
64242
8977
27022
40229
95864
92771
79152
45981
50966
43865
86128
13465
59729
58963
39148
64032
71910
31357
23039
70406
72641
87225
29096
39944
5034
15050
21322
56258
16895
42975
6541
45869
44284
87931
85699
81336
77399
53437
14596
41442
72840
52337
11770
54994
84773
17842
80121
4883
49836
58010
85670
31311
6074
28423
74456
97894
39257
96716
33820
86603
85045
11217
92370
8731
5999
9224
47061
58779
89195
74542
34584
65486
15236
26841
78764
59344
47456
93028
59838
90065
85214
22740
2173
80049
64235
11558
7001
99668
68724
25080
74183
5731
36085
71088
76929
34655
55760
89677
89130
12002
6298
7560
96239
58804
52815
51046
85545
88294
48997
55261
17568
42479
89022
31136
19465
95105
99224
42409
97231
14439
16511
41635
58704
67582
23266
17617
81278
32524
57762
28701
89734
52833
9542
26465
6381
20009
39852
96012
67542
38250
79738
79666
23841
43649
88178
43282
29966
14035
5412
52101
44702
85842
6142
55456
5722
37071
95839
53798
20077
88119
40969
49102
84716
15819
19156
17036
77911
39648
98655
94686
24823
72399
95169
31957
71558
64569
98942
71710
90287
10011
75701
87884
20106
25674
66902
58148
66954
2508
62641
43333
52402
57747
74441
80402
29729
85430
74536
1117
89263
30861
31948
70801
88783
7017
51583
44860
58452
32109
55972
45623
77936
14253
72973
62612
46744
4066
34026
43971
81347
14951
57275
91776
14961
15508
69223
95709
76616
62068
133
1160
10778
40005
44439
14936
4290
97515
16119
13977
51789
5489
89802
30386
86358
82781
7633
11631
19818
59727
45342
33584
19082
78102
75651
16173
53742
19919
15910
25700
51494
54011
30097
35937
48604
99195
84581
78505
65334
93099
21967
20354
26199
53720
58067
78690
41637
9055
64933
6483
99717
6660
86
19328
82690
30539
17003
79583
3469
97687
30538
26139
12830
71677
90094
43965
24697
46244
52121
51382
37196
72923
77833
19659
69269
61366
27043
73469
37408
28103
54732
94259
39341
59061
28631
14119
45488
62140
50104
97739
87506
79552
21687
2390
31349
35247
50465
17966
88821
19219
3832
90163
95658
20048
59050
92646
25674
35264
23295
16948
93323
86664
9163
59171
40134
54583
40740
7416
32663
22843
44590
8707
8961
89759
13074
58536
31695
17317
22093
1642
82997
32860
59621
13717
1780
76894
34710
45896
58140
88617
33738
93214
66316
35640
73799
28024
72981
97661
88513
22920
56028
16541
80305
65628
82366
83816
89246
36198
72271
13363
74552
66660
74427
47860
92356
63824
48429
85657
58192
6534
65165
42406
45000
64333
99876
55849
92001
46948
44156
97435
4083
81451
40483
36374
23652
59755
74798
92718
47711
6883
3193
81837
9540
29936
4396
40238
97945
35000
20378
46709
81150
16275
48291
22410
29309
19862
44377
73392
84672
34749
9792
43974
2941
85684
55087
34202
27245
15619
67443
15461
21338
10644
46066
13959
45910
73154
40236
43455
69256
54944
62622
60070
43458
88642
87073
73545
87918
94508
64463
8322
41414
74806
69990
79090
96611
10072
52196
84317
16686
49208
77554
97889
43666
42605
19166
69364
37970
66095
8672
76154
30166
44861
11326
3104
23105
47274
78059
16984
90110
22820
84778
61969
37913
50883
44144
89106
20010
41547
43911
12146
33355
67454
35439
63607
80715
22273
84448
26986
41851
75849
68714
9939
77222
68770
32989
89399
76510
60092
99716
44714
18801
11090
39116
21234
99323
5144
40387
75866
852
63776
21180
66255
80682
45193
5487
14875
9481
27077
72668
52731
96919
98086
80400
2655
44957
11748
9888
98462
6079
21869
8658
22292
97260
48170
23324
3417
55280
87241
26372
31454
94695
57612
59270
10055
42765
59790
9396
14495
11985
74093
46679
80509
38888
39609
43892
10066
78813
12567
50090
70251
1830
50898
43576
94441
4178
13375
39036
30586
77406
78443
92277
42099
62023
8611
49546
53037
90137
72415
46275
92410
79526
33293
26485
77346
62579
39318
56444
42910
19148
8910
94688
1328
93912
64861
95066
733
20807
10725
86448
64616
55591
90480
82460
97677
27318
50872
17611
50774
74226
97810
80353
96797
87212
88984
70713
21855
98140
24113
86890
2361
70829
87935
96774
60578
79193
38116
64924
8581
15503
14738
15229
39065
5840
52014
84731
59326
63834
50656
84110
64567
27196
4346
25552
71774
25864
34658
67016
50440
87846
21438
66116
79095
36741
82107
17759
886
89548
23706
76866
60084
43983
24312
79174
64288
37021
42776
22872
36445
9398
42671
79190
4322
48602
71755
48630
63249
4189
12257
97125
16849
58134
21234
82476
12523
71479
86745
44495
28734
38007
53011
91184
16063
70634
82891
43344
65872
30930
26018
74070
38139
58863
22488
15976
31084
46482
75385
34581
14889
93871
3079
45429
35822
77745
78175
7656
66473
95175
6475
5499
16943
21052
52964
72714
30297
5540
68353
13183
96318
63026
32416
20408
81230
20295
73392
50407
77385
87270
97305
37907
28730
73858
32296
13019
56435
60152
97915
92891
77606
29401
7045
75271
8029
672
8191
28148
90134
78914
18348
36246
96383
71075
74983
45412
76490
49700
36778
34680
76301
8954
31229
45202
99545
39579
88634
58908
19540
35762
79961
64808
89461
62386
79709
79606
29883
71494
53306
13010
3659
47591
92673
20250
44133
66343
62601
60861
51298
80298
47804
89758
8331
48724
43227
76440
61017
42173
8591
99547
46788
66497
42669
24341
26538
16181
25413
70765
34783
46036
64839
77160
18635
40823
1907
27502
22853
23523
99292
31494
3370
63035
79991
20542
73337
1142
82854
44743
56622
39820
59483
82685
28217
99339
25003
76069
52122
43142
20754
1743
32476
90444
14140
76186
53419
18006
25911
69302
27603
62266
78323
79045
56310
40029
24274
84699
47594
1510
95346
3909
75149
52045
36084
19526
57765
94962
66632
31708
49785
60841
36439
74176
62949
58227
68972
25100
47070
85833
80352
23896
3203
94865
31234
509
27995
56275
58751
38746
497
96357
33299
9141
39849
4099
74316
9465
36542
44378
50326
23901
6873
79811
53865
50758
50704
12845
27148
30499
34009
9139
5796
23573
91945
78125
35229
83986
55501
91714
87475
66719
43556
35354
58717
78106
49655
92562
27607
55834
38486
44329
57291
45102
70737
69719
66908
39394
27631
62750
25902
36097
23406
30232
90357
30740
76248
16912
11960
51336
59903
64268
68065
57165
89973
33992
55237
81562
53898
26558
11243
90574
78370
27969
97370
80402
88690
89450
32771
76475
4695
16105
38024
61195
54068
51101
13031
99478
81990
71902
84680
4066
55045
84055
26591
95432
48409
59570
65309
38072
97334
35468
89241
89913
40310
37959
72311
65453
89906
49950
91699
16466
65053
19027
43724
99685
66620
5860
53296
95266
62310
84413
39359
59558
14420
65991
44926
501
9092
18781
41339
1816
560
6975
67608
82622
45094
69311
30262
38339
67396
42873
33856
2382
4083
11616
85488
35892
22269
77843
57857
63706
87371
40015
66195
21335
9055
57086
789
15480
29514
5069
83410
54494
56012
73371
44570
65634
41542
23821
18732
49240
29
54814
4253
42577
5326
81972
51495
97050
53320
59758
71793
92002
69322
31001
52247
12633
92826
89442
80246
40756
65311
60166
60150
59501
14076
93604
14356
30472
71274
83316
45131
14992
58288
76274
36607
3007
67106
92722
92965
26396
27571
9431
24946
35807
91320
59519
19871
56592
56890
66166
42902
67982
49783
15531
99835
67371
99254
50879
66330
76916
43046
43545
70377
13199
86546
16343
8889
87581
97762
34464
17247
58303
60817
59316
84601
57044
53511
55908
3711
50560
29651
20158
96040
60489
65766
97025
46390
34427
16430
13295
68479
6668
42125
68768
44665
74073
65302
10227
44161
33966
8740
53600
359
97669
92279
27241
32602
8870
92268
86766
18764
78221
82327
42303
15777
85482
53568
74892
54809
27297
70839
93689
11672
55185
87605
39693
39823
58994
68176
32490
33096
17623
45467
74391
73395
3252
44632
64568
21320
64313
49083
10911
87128
40988
29116
96988
31893
19700
43960
27920
31354
22401
10853
37919
40152
85290
4624
52932
23839
71390
98869
5022
87333
65628
99738
60808
81206
20526
94121
83591
54072
77584
78120
43324
55833
14639
29174
90681
57783
79820
7108
71152
65996
74943
86349
63303
42805
49752
62772
1224
3037
54337
6521
74261
27082
49792
74359
56249
94820
56857
25277
9753
80861
19887
54374
50633
18626
43467
72504
62427
49500
91733
63030
44946
42339
17471
11650
90900
30656
88610
31283
3294
19005
36832
46446
3250
19692
54984
47524
46700
81681
53367
79368
31346
34924
732
87787
87273
52743
37652
98486
9156
97336
80788
40707
51224
5203
58757
25817
13483
89616
40746
94754
28938
80468
66781
53866
47418
1535
92151
56758
52710
80561
66414
56639
68375
13529
78200
3370
77666
53980
62862
96421
83866
91774
22924
33311
87559
7569
97781
12229
71823
21335
71956
74965
12112
84501
76317
46657
94255
65302
72081
97057
24683
30520
29409
8501
60907
37944
87433
94582
59190
88629
31198
40600
28609
91171
12994
98303
8322
13295
54388
44442
17604
93898
24837
76736
4531
54452
1124
55557
57783
68998
54684
40473
38046
8315
73299
69054
23762
39420
78195
42725
69290
78311
2598
91044
29403
80155
61274
90133
69199
81091
47748
74989
2894
78748
26656
7191
19161
69093
62903
36237
98550
21026
79129
2610
38916
1613
96586
60207
71632
38810
17817
9577
44321
32484
51115
61467
56910
29753
92695
88758
29584
86016
91498
21521
68818
46498
73770
86350
48804
6588
42328
55978
302
23455
82095
14208
56930
74306
6569
99644
10538
88677
19584
12407
78881
83042
10833
52916
96317
64594
72381
22389
40234
5882
53034
90235
64562
1808
23079
80184
38104
97933
96908
15058
23141
44209
66047
5047
54105
16686
46611
20760
16067
41746
71083
23171
44044
81044
3005
54625
93805
99130
99313
75368
90689
79781
31368
65822
14645
75258
76378
8651
16187
60621
2040
40857
29694
23532
22928
43883
51568
22309
61934
24375
77951
79957
38943
48193
39047
97422
75537
43254
61409
29988
28183
21090
70872
96917
97257
73294
65564
54291
89992
8889
943
9071
55198
67602
4125
82339
71396
76239
16202
49723
47645
11597
64131
53505
88000
50277
96214
293
58291
67591
82109
97349
77618
70870
61653
90270
51887
4448
31661
22095
38932
26232
43834
28935
52388
70609
25927
79307
53247
47161
37738
92645
71780
13871
3986
619
27792
2243
21212
5419
61541
97033
36837
87985
46471
18938
6874
78805
82431
16199
53067
84612
97538
72954
62686
93577
44076
88043
38431
2551
41510
40059
65781
36886
29639
4177
70928
6247
73494
13711
37502
52342
59437
90128
49950
87195
34713
50528
12460
65453
17918
95448
36506
40068
68984
372
37023
46313
14332
13523
6697
44636
89468
37003
55503
58433
7722
90950
18753
10665
1460
89308
80577
86360
98381
41359
93098
74296
72397
80701
61582
28922
83854
10278
8191
83812
47607
56922
36675
90235
72150
58013
17290
93934
11494
74971
5979
57340
9777
89378
1002
38756
68270
96608
16518
15239
92299
15290
52848
85244
53222
72613
73254
9648
22581
11333
84156
94039
50245
88512
45612
92852
49632
19038
67429
62144
51976
56256
39903
67355
59744
28250
44078
64748
8041
47245
6580
24598
40937
11781
7633
82330
76169
17324
27926
54979
28725
21418
65272
30802
62150
28634
39199
83846
28700
31754
48862
24391
71589
74958
75933
34064
3291
83233
3377
79383
25929
18585
30670
17082
84109
33029
88595
9255
59033
66022
67331
5671
17684
40680
71700
1449
51902
30748
5728
84007
74672
12883
19225
64663
52481
12089
44314
68784
31526
80299
5880
41591
71793
8694
26039
57381
50042
96142
29625
69622
25435
50823
14161
96337
92852
5428
98262
24879
82671
70298
52179
41738
82015
21103
827
50179
6337
79477
25945
21904
56133
89101
43046
1792
75462
13625
64756
12109
1299
84019
1287
58109
12786
59875
96803
42484
29531
80769
11137
7513
45312
43719
74395
86275
43308
92050
52454
27456
17705
1461
36608
13731
73980
22970
1119
40520
27563
21654
13673
59044
43998
92712
35842
98702
24803
2926
46751
77987
21100
57827
14521
56443
69555
82361
58653
53894
64989
38831
32129
47298
21020
41615
32753
52093
64911
94279
37959
15137
91140
46177
35065
25824
36478
29665
68844
66429
1201
29307
15527
95509
80234
15599
91330
16872
22444
16226
98589
32712
37109
29050
2061
11485
319
54678
15281
58386
77122
43719
68355
1759
56951
42862
35178
98004
39255
61268
71851
68991
80993
20032
96992
2747
82267
71032
50337
64981
88656
38168
12703
27643
17176
60040
91856
81092
53461
65277
34756
78486
84089
90350
28566
79864
80485
65457
37086
5620
51853
94930
99811
77288
70391
32303
56590
97994
79938
13875
76281
26966
85219
77645
22502
62197
88138
43308
51085
24747
79043
2681
96493
3997
59896
22865
45572
63038
79028
36670
83226
30069
74563
24945
98743
66796
84182
85438
43956
47062
96770
9619
39247
33374
72584
64246
67704
2313
26671
5435
11048
77576
60524
49759
85330
94716
38692
46212
40274
5125
94088
12424
31425
73129
38847
82052
11755
55006
26306
15551
48951
28564
39009
85325
74309
1506
56707
33479
82071
78667
61962
29000
37798
89132
9525
78785
21077
9542
34687
32953
66210
19810
62917
24709
13305
11718
44420
77600
92515
37138
94848
20711
24699
95031
2530
23796
67617
87701
98169
36788
88072
69391
13985
79143
43402
34862
20801
52404
66363
7790
55086
1062
47642
22761
89997
66855
33348
49374
52406
20600
86243
16030
7988
42154
68516
22515
34793
34972
80038
47565
30542
77489
37710
63018
54967
51917
51992
45472
853
44140
34344
40714
26390
92671
24222
90990
76679
26596
68711
69831
32345
78432
16272
77460
54369
37852
55382
41436
55290
19322
64665
35260
87685
69170
35695
96302
66704
59213
13364
87255
95637
40413
48799
13422
31865
81143
74896
93828
18069
77902
22278
1780
97969
57613
7309
48969
31724
72017
78356
54022
32920
77633
99869
94390
54755
52715
94317
8753
2832
51836
49347
76679
57316
47643
51270
38892
9564
60866
13814
71936
90779
2362
11045
73146
610
33875
61439
49392
28152
82493
74243
2182
19977
94565
1750
37008
46379
17551
72557
70150
81531
44557
552
58499
91878
28025
97055
9561
30692
50901
52884
73462
58878
36636
7751
58315
89360
31236
89064
72830
71530
47731
7143
71022
28592
52251
19432
46910
90306
1652
24883
59361
52374
48500
38599
5568
96736
25933
78126
46538
85683
30403
18092
72825
36098
392
68785
27453
67231
17686
43534
97927
7109
29769
37252
75508
80145
17655
75160
54708
89163
59276
5346
30614
89827
3622
78725
82162
46486
4745
5977
15442
87119
53312
63300
10174
17194
15730
80743
29026
77588
51741
74228
80638
94190
51377
63902
84651
60656
76331
5481
22725
4043
23820
81376
83897
28199
2166
6917
76172
1355
7011
84899
52581
62106
13057
6975
48056
65562
25326
42317
70640
53873
27372
3455
72312
78152
161
2904
59655
20209
23597
61695
48838
34437
91241
15439
88222
41478
12217
42027
64003
47459
79757
28847
92343
94202
70170
993
50652
19063
32880
35910
14842
66907
53463
36274
4905
83448
81291
23671
47836
92825
69393
29630
47434
50814
31285
78420
74426
80964
10466
63355
9738
76099
50172
19682
55868
22098
28030
2255
60094
70341
27819
12568
93364
19126
13395
45073
52453
81954
48132
2399
6846
60362
82314
59627
262
90841
82821
59795
82720
6853
78597
85786
13366
27567
19269
74399
20809
55141
55169
10956
99122
63463
32309
1221
18099
85446
97523
36128
55903
98632
99744
51380
51970
69577
49228
46665
750
42843
97101
95055
12484
10318
78071
22411
11515
75882
7802
39276
21552
78329
8535
48156
99755
83298
14272
35026
10505
66480
26476
9156
62571
8913
3443
82617
15483
29690
21228
87996
33622
25608
65121
91821
43162
66017
88523
7282
59949
43449
32752
91115
30535
90481
50485
10691
13022
93913
6369
65538
60460
59446
32881
15200
59775
57023
2481
29331
63676
24737
46237
92809
17169
55427
72788
83889
41046
22275
55382
40244
17631
5695
7130
98113
2721
82832
66735
20102
91870
53361
76525
75739
38127
86717
54038
38328
4845
82390
83374
69062
42299
93858
84180
34803
62580
58544
60316
5983
53516
5337
4875
77428
28902
43873
33870
57010
68466
99868
12631
48904
20544
59245
18870
1023
18918
60298
26416
28496
87689
17947
8222
71958
46955
26370
92452
22206
77682
5428
58476
96443
40113
44933
99070
56406
43701
55138
72095
87970
4014
24216
93092
37101
22808
7154
12593
47155
8645
22175
62162
41869
49481
29202
59508
16071
20033
70051
95841
79886
56928
74099
61783
33192
72824
81229
40068
52542
99425
41607
35840
89396
54154
94728
38151
38874
25433
43395
52146
99835
34592
18722
78384
79474
88606
90622
84486
78780
58127
10826
43104
30664
83090
33392
45843
1419
40501
9427
36241
20945
40830
7636
77735
17774
96024
63087
77590
26802
89848
48837
96300
49466
4076
18261
71967
18851
24639
71972
30022
11578
95051
78236
29748
37775
95067
22576
37970
76296
40732
89405
95607
18674
3456
37963
21478
25554
6030
1843
45765
91673
48105
700
21269
20118
41499
46334
47155
93093
42014
76423
31754
58277
93448
87707
91122
83015
3888
3734
48329
70115
90305
7469
83148
45253
35098
49491
81171
11492
2495
1911
1862
65235
86879
63563
23488
1105
63971
29535
25151
81115
15632
6860
26404
87393
17657
14285
47245
53205
89285
6727
21644
63647
90424
39625
74436
12494
11616
22030
13088
74314
22239
35967
45776
56773
23215
11158
62944
31824
82583
9886
71895
43433
97929
16662
32873
4433
74933
13844
81465
29628
29997
14214
367
16386
94166
48723
34834
20050
9032
4576
52418
64358
74786
29551
18580
98162
10061
24546
39819
54614
60491
80349
55023
1875
65852
5034
9325
29306
90733
28597
40043
69440
63709
24792
71942
61006
12333
32177
82442
23796
4548
2446
49741
38558
14140
47115
29448
48030
82605
90259
58835
4521
96659
27362
55484
84926
55102
45867
77156
13376
72502
40085
14614
57349
27881
37952
64005
93064
37907
7334
58369
91705
99273
85212
94357
80691
69954
18487
85408
89934
36290
89292
45166
18027
80867
94512
8338
80525
30371
81278
53666
80135
18213
39159
78287
49264
86820
17155
89088
32339
41595
58101
80746
7267
51626
30221
878
41324
79910
407
80239
91525
27392
37009
31694
95041
10864
394
79972
5444
77438
79494
4443
34451
49868
94398
88265
66084
83043
40132
86314
6453
85977
90308
57017
56632
85276
50438
84556
22892
83390
74703
2569
21255
5277
81191
30536
28911
11597
97750
58150
82120
85988
88232
51618
60839
42721
51984
27641
1477
76762
14728
32729
9904
79937
99254
78083
79643
40467
25162
99874
73782
79869
65188
21347
44312
69099
67346
94160
75224
34830
84887
29421
15708
46728
25383
52781
77736
77559
3183
58993
26968
13436
61842
96895
52681
31560
74926
56252
75665
14338
606
67878
91087
17783
44024
4976
27037
37950
43925
56986
84866
60839
7441
34764
11300
28543
43176
37647
44314
5058
32353
55528
43712
73790
96615
47666
47812
59552
88594
43159
85885
13822
22277
66762
30459
82720
20336
36068
67737
27211
3989
86714
63279
94956
65256
98135
25956
19005
47887
44315
57889
2391
48905
91183
49825
72020
62251
90756
92260
35839
84357
42440
30403
46587
75587
42020
28413
43117
87472
25268
37872
25766
32181
67075
92100
19025
7711
96771
59009
57494
78559
68006
3872
56360
83435
57341
3455
52817
45729
73066
99342
72216
68427
53315
23687
8204
5438
50918
97147
35536
50620
22579
18823
61187
69914
51947
26053
70410
66876
38979
11774
70045
53852
7493
10781
55147
84170
93219
68703
1994
44269
83992
44615
85343
1480
7037
61166
72774
25784
24645
62615
21919
29433
76822
76064
11061
89639
21956
54101
90380
31938
69228
52831
45863
47084
54826
28858
8467
61228
37207
6340
6867
13685
8130
12336
40392
90624
50602
84187
98013
62901
28309
11606
877
61129
23408
67297
93489
50849
12452
84921
69226
6741
95185
99881
11783
63984
21130
60924
9044
47540
77420
81970
46591
20314
5788
37168
40328
68087
59804
14226
33796
17562
11562
49372
43790
74833
42262
4334
32651
16108
40189
12981
9816
63321
91110
94590
68530
28526
85561
47654
87906
58534
25079
84397
83203
71074
81370
31978
24657
34929
97674
50999
43280
46442
35064
11532
50358
82742
5691
28809
1654
48811
5156
76237
38826
11250
41440
73892
43164
24298
96683
61694
29233
17542
85227
46970
13426
65329
77680
25345
17593
75122
49413
56175
13013
46090
5811
57611
45305
80890
81939
80024
62471
3682
40174
61733
83572
75556
11667
68863
81304
92999
66195
17830
11733
96312
50269
8060
57666
94058
74449
38010
32851
67358
8387
33693
8326
35998
6542
51549
61836
77443
63283
21887
63025
51830
33741
33632
299
94227
57521
1937
42971
70250
29543
8355
58627
55840
39903
12888
75173
22482
98323
16185
62451
20057
67544
12037
32184
49897
32127
54662
66241
83411
13326
63872
96778
94763
4438
94691
98881
40643
61456
73344
54553
49590
49817
90969
99694
418
360
1648
14511
91052
16936
54753
87565
16679
80118
74060
84030
55087
70969
9354
36558
80
8024
93921
23235
96612
77500
21106
51692
65593
9316
35184
29798
45424
88543
67275
40042
84834
97194
38986
26677
98013
80933
62871
7957
20716
76724
5109
51021
14581
91503
31500
13190
28604
44966
32389
65427
92741
65781
77969
37247
78679
8768
50947
46933
86043
19755
11934
8235
81956
1977
15305
27979
65736
66431
64736
77119
56396
15235
21412
82905
60927
61142
62770
89117
65629
46380
3600
17356
96435
52884
75396
76814
67554
66168
9983
78458
7484
60019
79830
11141
89004
21609
52946
92869
8754
12584
81117
21408
49068
74489
18653
37654
29200
50179
47966
6664
4725
14044
42919
97603
47378
78797
74446
95117
74782
37889
61991
78955
24631
27273
58231
84492
25022
5167
2440
82070
32735
63381
9589
81227
41294
27946
64325
19543
68973
84488
54068
22777
18186
94285
54125
78315
94693
13235
64532
23056
92399
89134
20927
89082
88687
46434
2629
84757
52574
46207
10927
78643
2450
84410
85515
38100
19575
28457
79455
60945
48153
36026
32538
35590
66655
94864
71494
42106
38129
29595
6970
88044
85178
47348
41772
32187
52712
51122
81091
58482
74288
73291
80651
46767
57039
53035
94562
96495
14891
91242
64111
61975
68505
76589
39666
26657
38167
79259
68406
83521
85561
52154
19203
17427
25921
24742
64817
61700
43655
17677
51351
52953
17144
74346
30433
351
79803
7195
29503
33296
64815
545
94042
70079
23984
20309
34785
31776
11256
29185
72546
38423
84994
67394
6933
43995
97833
4600
81874
15591
38671
75175
84771
22557
46331
58285
67347
88695
78810
47488
49478
3915
18629
69219
28386
55834
38051
94821
65451
27478
20421
15319
13165
5102
58415
45064
69618
22679
74327
82239
22835
39864
84422
84211
66443
58226
12123
64938
59496
28458
72975
1645
50842
97813
82003
71044
55822
75871
25557
70355
85204
97047
7298
41936
54811
29787
75557
88768
53887
85819
13069
16910
62265
70061
86061
22503
45941
47180
11869
81429
51681
70925
25438
56757
40481
19841
59387
38551
51775
50240
84555
48306
7359
61272
41490
45025
65009
98353
94919
61694
16800
25980
98545
87417
95399
78008
37322
41142
31491
4800
3238
55904
420
11796
60396
72141
37053
84515
50435
71952
90427
74066
12680
75029
5842
54123
47227
80669
33810
27013
13882
11062
82296
48140
78725
95157
5249
96717
91361
76723
49274
36801
79736
85026
51860
89107
63709
25354
56467
37999
44141
78980
49541
96488
86161
66066
70287
16006
61312
21624
61890
42859
18785
98524
60333
85921
1199
52630
26156
59585
85269
66835
80734
24482
32088
62316
4437
74621
85204
87902
61767
25721
85247
22054
71969
1175
14345
88283
42778
80988
51621
5799
84165
45142
42209
31171
77441
17997
61649
68431
85867
17736
90891
39659
97715
38393
88235
71348
30796
31334
70038
5182
79004
22293
20123
69322
5523
83059
89557
85157
56025
79713
97710
45758
92768
40059
87518
14849
97017
32198
33553
19604
11362
71670
17414
23277
42909
60601
6483
88846
53627
86468
62822
33150
75639
21528
98567
81957
26560
48655
94233
61860
71406
70889
97375
55535
48374
25454
97083
57128
25880
26271
59281
53177
76726
62814
9451
94510
91775
35382
30934
12492
11593
70569
55273
33938
75996
23348
4133
38027
80299
8833
25400
60652
2110
90344
88156
54832
39947
96194
16700
76238
88548
68909
75255
56819
297
15861
62301
14754
90590
59333
14518
2437
13751
33737
57570
44558
84527
15391
60507
14638
88504
46106
3479
65265
52493
92179
78441
26997
65540
32172
5575
26949
20479
64738
12966
60566
65633
39119
81761
88989
63390
50840
22553
80202
427
66330
45942
17126
15316
47724
62636
66404
2828
76273
16665
11943
58879
25724
6090
99664
45156
27104
44381
81474
67406
32403
17697
58613
28226
24703
79354
79090
58562
11813
89441
55761
41640
62190
15720
54189
47630
40623
51195
545
63882
64440
37058
60290
95640
88249
43139
82968
54671
14417
1476
45561
99861
68373
26766
42052
25902
92282
93869
89367
64336
99583
33876
97550
94802
825
48989
79097
49346
98044
48302
30072
34902
55523
1303
58197
19195
62525
62616
77566
59113
50292
50016
62302
82840
38299
16400
69912
58635
30771
17502
88159
16746
38234
65557
97940
96205
24945
49337
52412
48436
88744
81832
5373
44917
40904
30268
11862
57165
97436
47661
9432
34295
44733
94164
98309
13498
6937
6251
53028
8508
85471
95471
72733
7317
64010
48519
61527
80958
85992
25791
72428
35848
84037
91117
11301
88265
4953
31476
55543
20978
73450
99239
83514
380
98847
26085
21378
63040
79267
99842
41628
92613
41266
81191
31879
99572
20835
86800
92652
36712
17746
94803
89019
51042
95913
70305
36995
48088
9610
89636
20750
29037
43836
16968
78615
82172
24751
61206
27817
19342
43693
68187
7509
56107
34912
83144
55567
47149
24506
72371
52902
67600
10629
15066
36190
98917
88135
42151
65932
30886
58833
39919
57997
53348
95332
31381
66819
63100
37089
4268
6541
84712
62924
65561
80866
67377
81628
14487
91370
69794
95234
84339
3385
26552
50547
5784
43369
96566
4051
87717
4115
53973
66496
29338
92585
78585
99032
23762
66579
96734
45416
59050
5668
23441
99635
23040
67256
51483
96187
87191
95116
47320
7918
50422
82394
74182
54672
14128
47152
40729
34689
71902
93900
29547
71467
28168
80118
31793
17195
64708
9658
15784
16313
3477
21408
97198
4277
94324
66378
42062
28304
90668
66665
55091
27124
45215
51485
6045
57297
35334
18279
83058
21798
92182
49612
68939
7080
78526
30632
77359
14737
23917
23500
29438
20008
90160
85687
3043
23208
8249
70988
89741
92528
31291
8853
1111
59783
67090
93300
90114
76266
61856
87170
60676
97396
6833
97030
97946
15881
60288
48819
13433
24766
15058
74622
69122
15912
14208
94299
81044
52607
73587
36819
87132
79727
23688
57092
37351
10844
82707
77813
38040
43951
37983
84692
3732
27457
68115
83727
75995
69730
26865
44747
84561
91750
11864
82148
6266
18894
71881
82849
88037
78127
77958
98035
3167
77536
10230
99434
23624
36517
86630
65844
4867
4339
76234
67027
10822
43040
69536
75034
79218
18824
41973
7844
97660
12126
15649
39536
234
40941
53806
96061
30297
9386
2550
51806
62939
10777
97706
98107
31102
87896
77615
26276
55239
40075
60962
1042
54238
39077
16316
40987
85475
78767
4497
85969
50430
89017
95955
55513
36500
44378
45395
52035
74933
3974
63655
90314
24307
68811
56775
36106
65677
66631
64466
77977
58057
49258
64686
72132
36736
80740
89804
8775
54098
32107
21513
11400
15931
68042
62480
72368
27710
5065
10877
99879
87485
15221
22845
36459
32715
87469
20370
16205
98264
3688
25043
45416
31276
3142
69871
16094
76239
24625
69682
24401
95012
96847
87648
48251
6902
18055
46622
52523
55915
72686
70064
57821
66485
47725
71133
74164
52647
70737
95822
68662
80357
52046
60246
18852
29620
18992
85196
58997
9360
98464
19315
63502
97980
45904
12602
70464
8820
80387
96063
91517
26751
19004
24143
91864
51393
56769
67305
16985
82956
63243
94176
7578
1110
67885
33855
81058
86213
30207
65383
79195
41095
13894
8755
35025
287
60833
87709
26633
80121
8307
46265
66555
62911
37928
23263
78702
29380
15237
15654
22255
43165
82641
69452
50669
11440
89370
58290
89557
62532
89829
80228
26405
93208
35862
19126
64878
47248
67320
18890
37291
4809
62409
88655
46072
80622
15301
1379
21745
1027
30094
97880
41641
80127
33589
95221
34852
75190
36615
31635
21617
15796
20375
34376
68583
35270
50500
1025
25274
43987
90471
29479
28090
57512
94331
46532
265
36240
83208
36544
86007
6498
42702
28036
35484
80244
14347
49247
46193
85422
27498
6118
60299
45753
80712
99798
4661
48983
11652
81590
76744
98156
73634
31320
28138
41049
84507
51454
70753
37609
78597
92921
38930
47109
23995
45292
23547
47330
8745
86383
29320
7770
63702
89616
45142
6072
61005
90227
27106
85837
12906
41946
37613
86623
67966
49376
71535
21985
39327
25440
28628
78366
51824
71891
22647
67375
91848
97045
14010
40748
17921
35881
76607
7167
14367
93075
11078
13364
14842
91683
83044
12780
23818
92370
51676
31345
1871
12740
15005
324
73146
96365
6103
53362
79516
48657
1370
81509
88713
23364
54414
11895
26503
3312
15049
17985
57401
67572
75632
69873
15651
34953
99662
85818
22713
36064
81450
13669
21192
50087
56839
46374
31457
2827
32893
44201
96542
30520
89264
94987
63218
35547
11786
46245
61393
96904
71034
12003
63672
30679
81640
147
35835
80778
42771
24185
35178
96073
17865
68896
25631
2478
6531
39050
68102
17725
62555
6024
12169
67947
53450
85029
62967
10496
38242
9404
66737
93078
18341
28043
91697
49761
55553
86911
17495
55785
74248
63407
9393
30802
64592
97252
10501
6013
39363
36757
14591
41191
38148
89810
96274
5551
15743
61687
98605
30133
363
64128
4219
24510
85792
68603
92502
87540
53967
792
45738
21258
8034
78109
78914
30909
55152
40663
2833
59127
16157
651
48734
46829
98796
31339
2573
16679
76674
36900
838
36640
95929
22163
87781
58339
99069
36152
21213
97045
74790
82083
33705
78194
30419
65482
60401
53872
11967
45116
37397
76096
40803
32240
10105
66483
5448
93911
74477
48984
72839
74161
85208
81795
32543
52603
43648
31498
47601
56549
46233
48009
58524
65410
93832
66821
88080
80249
22450
70734
21841
34104
10726
74237
15658
99848
12931
8189
76715
94075
73511
82534
58433
13442
6038
59428
59025
57755
68323
56054
20208
76712
81502
55474
19586
40091
17050
89830
38509
99469
42202
72538
53369
55086
40471
67441
32838
59286
89456
63599
27562
48410
23055
66196
67270
74843
85428
15621
46115
21880
82944
1804
82158
11043
28928
3382
51406
18801
74708
79130
86430
55211
80219
17882
39851
546
70045
89634
14315
30687
79797
48589
83480
50488
25592
52102
872
6687
51558
74732
32522
45684
83724
14287
37343
18715
31316
54007
10611
76520
77482
773
48023
95159
43147
91088
53180
71256
78604
40913
22509
22375
86852
53467
30217
5370
95287
41089
62460
77747
64608
10460
71226
68149
3227
26404
48215
24052
35468
36027
76870
14149
91599
90825
17483
45685
17469
36098
30655
46837
87255
18340
52384
7122
77715
86109
75474
10627
94880
24329
663
46619
4823
16376
61254
57759
38784
89102
91786
53298
45662
53029
91834
76043
59224
41997
63280
86504
87269
50035
72649
96636
85075
65631
43096
65571
48244
46711
42375
9367
89798
37825
82763
77115
79006
35974
57698
43892
38928
79314
73388
49080
7421
52408
53603
92222
45337
23091
8505
44149
24983
36135
74956
34385
53236
72901
54793
45568
70621
79117
44090
8026
8478
45806
12269
12567
23752
45001
3683
97498
22366
76020
25552
48427
79773
82010
61366
72611
21477
67455
73625
64320
33448
81761
4959
9400
8941
99099
99558
39595
51233
31747
72001
753
67068
69683
90481
45202
12651
24133
24220
51924
91456
13559
48300
9551
23346
90797
79078
95133
41393
6838
39813
33869
60938
15911
23156
28982
45587
42596
35621
98249
22485
68061
66896
38431
83987
98741
38730
97265
5499
36765
56481
60455
61863
55903
34546
61928
89520
82679
34856
45840
6385
61660
3602
18143
81971
53436
66751
48174
94618
34469
33944
88861
12235
50144
69114
24424
42520
91671
33806
62616
88906
78903
27495
39285
81066
93457
4216
12697
12844
48955
55759
67360
35128
91156
55890
13372
69334
22532
96852
7077
83605
79937
57140
77581
63513
20878
66195
20369
94207
12670
69456
25483
57037
64982
17313
32740
86939
64593
39824
21640
69912
53917
1808
43026
77915
16290
34042
79814
82823
95299
5832
37405
97785
55197
78061
91195
31857
44780
25136
9500
77563
92973
47427
41581
51033
24158
53252
98520
84111
32418
47119
16119
55978
64480
22813
9449
47949
39019
47390
10082
47322
99677
41135
14716
39706
70652
27063
31340
14697
80126
67428
92047
90177
92361
94589
94500
87617
63347
71363
44115
44057
49800
49897
78378
82741
51210
47149
17353
82596
95955
45010
23507
98532
69046
34523
65413
74091
73187
95302
21283
11188
9737
28707
67086
63556
33269
93232
16338
97337
22489
10866
88923
59438
34344
28114
99847
71853
17022
40498
55446
70738
12157
20426
32159
68983
24146
51555
82941
70817
78357
50350
23334
12198
68463
48610
97403
91354
54998
53809
16315
2933
65748
43110
6451
162
62438
6526
29808
6086
93504
98432
73493
28331
72974
95065
67496
56169
39829
62840
84294
18640
59863
7843
66807
37108
80278
74164
62716
23861
42416
51796
6341
3561
13992
47955
77759
62057
73253
52033
23787
92565
52340
94507
1129
21828
8585
53109
23955
98253
29667
944
26662
18795
5421
66393
35931
20880
77600
77038
59413
1417
1798
39693
50898
88458
29561
8331
41348
99030
40874
56142
15226
67308
51646
7464
33175
5201
34963
22384
83300
33783
49984
39071
78849
14759
58842
12995
64534
58640
75506
22691
74184
86795
14940
88560
15784
83498
9611
37764
70629
11357
9208
24251
8897
93601
59042
40426
90561
8614
71055
90304
90494
18043
34320
57271
69177
69175
63106
9943
41612
4295
48305
80424
87835
22031
9591
22929
22921
30975
80802
73234
13254
23124
76788
53818
95718
85319
80708
86502
37069
55158
12386
65847
55623
37869
51095
93967
41012
80721
40586
52231
41920
12201
60991
21808
2033
80457
69787
19844
71321
2268
88099
35592
94508
28365
26113
99233
3755
9618
99880
17199
51550
94646
66415
25642
45697
35937
6169
70520
66517
26119
57910
90121
63671
78154
1186
76367
12590
94124
64395
97501
13182
25493
48432
57210
29721
42716
39364
9218
58069
96342
68498
68186
86777
67353
58779
57038
98737
82572
3195
19368
49793
76685
26089
36655
45973
74366
84189
8346
22039
96557
50156
20847
47066
46046
49422
73405
35347
62135
89473
69170
89320
41256
63014
98810
73089
84820
3177
36213
29626
89729
48863
14131
6490
60152
52584
9518
5950
20249
91219
85316
67919
20767
9281
13136
17170
87659
33089
33924
32702
19568
68507
32389
71336
36122
73224
98019
37594
56955
89310
34100
25538
39796
30410
23404
34694
60540
14166
90554
75734
61648
29834
578
53882
61655
26958
786
44138
77169
2606
92676
97532
70716
42358
5295
54616
59906
4317
14986
35464
1602
19998
8286
47595
91161
25440
64647
58505
96013
61592
85031
39008
18582
64005
1863
98396
81097
3417
13259
61958
37090
66871
37648
7923
28686
73559
37892
14333
42099
99367
1538
98672
35004
17292
24617
73050
78468
96582
83641
81125
53022
14257
84105
69313
41439
62599
61255
86266
8233
24131
50829
22889
27444
75425
46236
32358
54779
72290
37400
59675
7297
38571
62944
43988
79326
75884
46536
61939
26121
53054
83093
96192
65732
35718
57844
20733
37567
52118
49527
35863
15146
30003
74669
39288
67962
40241
46173
1658
38423
50106
67007
74038
59200
9869
55095
51259
79995
18211
52238
78714
56477
33549
9519
53885
68082
82842
53339
12792
73610
57013
98858
89303
71392
45674
79295
58871
29672
96905
89286
72018
29461
81731
36972
2098
60324
72658
37211
66342
13064
15093
39697
72946
23859
17656
38332
23648
54653
17586
23380
91637
42580
73192
91989
30911
43105
9711
21911
97002
39571
3631
45324
4626
75946
71458
80853
14898
2081
92892
58369
7035
64025
75365
59491
47712
99871
27777
4623
58862
68889
96177
58321
99897
95986
49235
3275
97810
18111
42788
17769
49589
52781
14245
57665
34494
67113
62203
54892
56411
3276
89520
46716
93661
63937
82808
80794
19752
46165
10542
95677
7178
98233
17148
83112
4584
89750
49849
15232
53396
59279
86925
41480
81243
39692
36177
70044
75995
29032
63633
42663
19057
856
83123
65217
68176
789
18417
39880
87438
22153
6817
54585
75640
76499
46775
43051
966
42358
76096
39817
65513
18468
50031
96234
94049
40578
98901
66095
64779
27321
41193
13688
82456
34489
23175
71971
52409
82505
80917
5442
52149
33007
68512
98423
90525
17048
58085
32687
9079
92325
51499
29657
342
60467
85006
36130
86059
33317
38199
61678
3701
4304
38662
3668
97491
72451
3058
47062
27514
29904
10855
88060
83939
27068
31278
80236
61020
63903
57962
35464
13502
67895
66814
44965
71934
84016
10637
25603
26877
5064
90873
44621
14298
41474
98093
68815
53736
98634
84502
56687
5402
3071
9164
4842
56954
834
17646
81932
86681
40954
97003
4619
92000
37825
37853
43104
54629
14446
65168
33731
