64
514
657
1164
1268
1334
1335
1606
1606
1693
1890
2027
2072
2238
2269
2271
2544
2594
2594
2640
2718
2720
2722
2815
3033
3135
3281
3424
3559
3746
3773
3892
4000
4027
4075
4165
4306
4389
4395
4505
4560
4641
4695
4727
4832
5022
5135
5150
5170
5191
5501
5542
5568
5717
5731
5897
6001
6107
6198
6270
6428
6433
6631
6713
6774
6828
6915
7127
7150
7386
7440
7470
7687
7694
8036
8362
8442
8464
8717
8939
9250
9277
9351
9600
9615
9649
9730
9932
9967
10059
10124
10275
10296
10334
10338
10677
11037
11120
11517
12023
12110
12295
12358
12359
12553
12719
12774
12821
12834
12958
13072
13223
13232
13273
13298
13420
13518
13672
13955
13999
14146
14213
14250
14294
14349
14430
14561
14763
14875
15090
15398
15424
15429
15571
15813
15851
15871
15889
15920
16010
16057
16283
16295
16379
16406
16514
16517
16538
16620
16691
16699
16700
16778
16796
16903
17208
17532
17544
17548
17558
17747
17899
17982
17989
18404
18465
18491
18629
18824
18828
18843
18989
19112
19152
19501
19647
19709
19738
19794
19977
20390
20541
20547
20600
20635
20718
20780
20798
20807
20849
20865
20936
21097
21101
21209
21211
21341
21426
21526
21596
22287
22303
22459
22633
22650
22663
22862
22906
23053
23072
23121
23243
23244
23361
23500
23530
23634
23668
24026
24109
24314
24763
24804
24910
24937
25303
25367
25727
25740
25799
25889
25915
26008
26197
26334
26446
26474
26942
27021
27079
27155
27202
27374
27411
27424
27524
28280
28321
28343
28368
28433
28533
28548
29066
29094
29182
29476
29480
29543
29562
29639
29670
29775
29831
29924
30019
30020
30151
30163
30503
30525
30612
30632
30690
30960
31245
31385
31428
31584
31713
31846
32023
32051
32191
32271
32316
32388
32421
32592
32614
32663
32764
32789
32807
32848
32976
33034
33056
33133
33257
33378
33412
33427
33436
33446
33470
33477
33514
33665
33739
33775
33781
33823
33842
33877
33898
34023
34155
34378
34724
34741
34772
34792
34846
34856
35132
35172
35471
35561
35668
35717
35921
35954
36013
36019
36086
36293
36324
36344
36382
36555
36562
36844
37165
37231
37255
37345
37359
37396
37407
37415
37824
37925
38123
38189
38233
38351
38416
38718
38754
38862
38995
39204
39282
39395
39520
39871
39949
39990
40102
40320
40368
40391
40515
40722
40815
40923
41083
41098
41518
41758
41762
41807
41823
41966
42040
42092
42135
42293
42854
42856
42905
43040
43052
43137
43215
43471
43473
43486
43557
43603
43724
43836
43997
44270
44396
44402
44500
44581
44960
45092
45197
45278
45427
45767
45779
45827
45928
46031
46089
46117
46235
46237
46310
46349
46361
46504
46506
46623
46678
46853
47182
47248
47302
47384
47422
47793
47867
47891
47980
48022
48062
48124
48216
48236
48290
48295
48372
48522
48588
48614
48678
48768
48816
48872
48895
48955
49162
49420
49489
49501
49581
49777
49779
50257
50384
50432
50464
50595
50718
50809
50893
50928
50935
51044
51105
51484
51488
51542
51638
51651
51726
52130
52183
52186
52265
52356
52615
52692
52787
53133
53375
53388
53511
53846
53962
54054
54105
54160
54165
54211
54277
54310
54406
54447
54646
54655
54711
54877
54888
54912
55291
55296
55417
55433
55586
55603
55827
55834
55961
55965
55969
56041
56049
56125
56199
56276
56303
56318
56565
56640
56641
56665
56670
56707
56722
57044
57127
57220
57263
57311
57353
57451
57514
57682
57690
57752
57848
57994
58264
58836
58983
59405
59496
59529
59627
59670
59768
59847
59871
59873
60140
60234
60420
60564
61104
61264
61272
61283
61355
61434
61442
61464
61622
61643
61708
61811
61857
61923
61924
62089
62139
62285
62342
62389
62446
62888
62945
62958
63151
63258
63316
63478
63704
63808
63857
63913
64159
64244
64333
64345
64796
64823
64905
64924
64998
65295
65320
65369
65402
65412
65483
65654
65673
65686
65913
66231
66502
66542
66561
66577
66676
66686
66694
66715
66759
66929
67005
67065
67294
67304
67344
67376
67399
67436
67726
67745
67754
67827
67907
67955
67968
67989
68036
68172
68213
68246
68283
68399
68534
68595
68667
68670
68670
68876
68926
69079
69153
69160
69350
69602
69686
69771
69806
69866
69913
69986
70016
70103
70246
70332
70473
70696
70699
70775
70786
70807
70899
71065
71201
71333
71398
71424
71487
71616
71625
71695
71735
71779
71910
71947
72135
72147
72188
72294
72427
72526
72772
72779
72820
72825
72909
72984
73027
73046
73114
73164
73312
73426
73455
73542
73582
73638
73761
73774
73917
74112
74257
74313
74381
74534
74632
74815
75136
75274
75288
75365
75461
75579
75697
75740
75832
75925
76080
76105
76172
76199
76303
76306
76426
76429
76462
76518
76737
76764
76862
76862
76869
76969
77016
77053
77084
77170
77277
77309
77316
77617
77897
77916
78021
78030
78039
78040
78046
78101
78105
78142
78350
78355
78384
78461
78498
78542
78556
78673
78841
79004
79030
79319
79519
79693
79725
79736
79860
79901
79927
79992
80187
80549
80829
80975
81333
81529
81541
81617
81638
81836
81893
81991
82008
82011
82196
82226
82323
82433
82496
82549
82802
83034
83098
83138
83296
83451
83781
83829
83843
83859
83901
83981
84124
84194
84201
84250
84303
84381
84446
84472
84501
84636
84809
84887
85181
85277
85335
85339
85342
85364
85370
85411
85501
85570
85585
85646
85670
85754
85913
86015
86053
86067
86142
86170
86279
86379
86715
86719
86726
86778
86814
87074
87162
87214
87224
87564
87590
87751
87963
88008
88050
88087
88094
88111
88143
88201
88270
88350
88404
88449
88516
88624
88920
88933
88962
89036
89420
89558
89589
89745
89959
90202
90258
90372
90527
90595
90686
90688
90765
90808
91045
91082
91175
91240
91263
91299
91341
91486
91532
91572
91679
91712
91880
91891
92050
92298
92309
92338
92376
92458
92472
92843
92912
93030
93128
93205
93278
93303
93421
93516
93819
93902
93974
94037
94043
94071
94083
94161
94185
94248
94331
94430
94548
94599
94780
94961
94996
95302
95397
95516
95553
95616
95716
95948
95955
95956
96048
96054
96086
96463
96555
96730
96747
96750
96952
96966
97037
97069
97096
97107
97161
97175
97186
97364
97440
97504
97572
97595
97600
97817
97929
97938
98015
98022
98204
98653
98687
98706
99043
99064
99085
99167
99263
99265
99339
99345
99534
99535
99565
99610
99723
99738
99931
