68215
11635
40074
30141
88655
88926
7314
41268
79878
58326
78502
67853
68830
28472
36896
22686
56682
87561
9857
4343
10336
1380
51376
44257
57133
47137
89827
5936
33571
57187
2006
85092
48430
8318
87160
76418
53124
17154
24742
86762
35482
521
83983
17524
18163
90745
45334
73324
72403
46903
33014
64327
34290
39369
67296
13409
7469
34245
20127
84213
56790
7643
56061
50328
44715
8795
41150
82674
48516
61509
60426
34906
1702
39276
50825
26893
96853
92677
3238
49386
74598
76338
89526
51341
5234
74533
53074
33894
25158
25331
14495
46517
19415
68759
86895
43461
9492
67776
33089
10306
52
27353
14371
81048
973
64850
58391
86473
22470
13904
92340
9995
75173
63566
46659
25852
52386
18094
2058
78658
9437
14432
58438
86596
5675
70925
77329
27838
70443
14656
36707
42405
93462
97810
16820
69560
43509
93169
53695
42110
90637
88653
31043
62946
65045
83807
40003
36616
76744
15318
77325
8843
99478
7838
69016
12084
629
88047
25414
6873
49332
70800
86121
60303
56912
4614
48066
5070
11872
73213
67236
50720
86955
75345
21335
64645
58874
49017
18169
58118
49383
69041
23647
39443
86260
14019
64537
82491
89049
90289
79539
14216
49877
42562
68535
21077
60197
52647
65456
80653
97235
18504
6602
81570
77478
37039
7541
28742
23159
89297
84360
1769
85380
18612
79587
40015
57725
24770
99276
52941
83611
60329
88987
69088
12464
84716
31889
63371
98842
61385
48611
13867
41714
15207
33173
39512
26433
54428
84961
87194
62225
22777
72854
59045
2465
28659
40349
81427
71859
27535
19511
19581
24223
96713
91651
34806
66859
54080
49276
79587
81010
27329
894
63258
12256
15951
67529
15511
59776
80492
38590
92725
73100
88519
38694
65551
75428
94914
16978
1299
85083
59902
17277
85215
72074
31685
86382
9756
41063
66260
51130
34643
64721
86979
36390
3664
47906
64979
59722
75474
59783
29587
99024
55467
58284
53422
47708
80667
22416
98228
35622
13603
70200
95267
21794
99560
5632
85171
58849
3335
46155
60827
12304
16495
65179
803
6782
31039
5916
39847
53660
78269
83451
59140
41021
88304
89173
31202
81628
40955
36042
6462
13020
6135
42480
72563
4970
14059
82435
98629
22847
62571
4698
53257
6915
49578
94165
72340
62795
44316
64882
75391
36483
62861
66655
65652
37606
88280
61962
40791
27178
90789
66517
73620
4761
63907
8005
37025
42809
80509
953
74255
53485
16411
53239
9779
85365
9208
71426
17227
41073
73148
8488
4239
45571
50165
64696
42486
20369
92119
4208
29634
27434
57805
96757
57929
15296
64058
20156
26913
38067
96945
93637
75814
13807
87053
70151
78155
35500
78766
33542
56668
32787
99025
68161
12299
29728
46730
15080
2911
13538
49568
73867
50869
86336
38278
20462
64210
11542
63986
25657
89510
35292
31931
56523
34814
58824
86228
97678
74087
49578
60671
14789
57050
28629
87696
46338
27144
15166
61247
85749
12099
72348
89097
7103
21766
51824
39908
95813
92610
18366
75453
65919
6599
62521
10576
88016
69259
18524
11235
54736
70714
8085
28256
94660
61306
31068
33197
78511
6905
11201
43017
60002
69909
80740
36005
95056
5224
35774
7484
51197
13518
64829
19344
39028
83797
63468
46243
20822
89504
87216
60528
42032
98456
53007
49668
62662
50063
55564
64123
63308
43826
88045
64059
61588
84394
2398
53703
74785
86991
76078
51233
1146
8586
45014
46272
96890
325
43802
86825
92004
85874
11976
96205
88883
11477
45246
34431
37200
10894
86472
92336
15005
99143
57830
39529
78126
81622
40172
72004
47287
59599
39300
92648
79712
78186
686
70527
21270
6284
4135
35637
6171
50549
20135
46191
45181
48133
11492
35686
34436
55595
85429
58495
45701
41932
47857
28264
44820
53388
50741
38576
62518
85661
32772
31236
85940
94849
29224
57314
51339
60221
87095
72411
24225
99452
11282
18730
11282
92636
22407
60620
3816
9082
56310
52731
8297
80917
73296
84203
24618
59489
33051
57407
45954
67883
51602
75913
10297
6788
51753
86845
6463
17996
49487
67152
72281
12060
55596
54674
63989
96111
31338
16453
21119
99150
46319
17689
34541
34839
89544
73478
66901
86121
55650
66789
94046
65743
8082
66508
26035
89286
37365
71716
60500
94637
42865
90312
14503
2024
89402
44923
38700
15217
75152
17446
75214
50556
99878
73870
81045
14020
76734
76974
44376
55063
23215
53366
43919
84283
59528
92608
61511
42396
3887
85738
45935
59252
2850
19605
11535
60437
69887
83769
5753
79350
68319
41923
95991
45367
37948
61932
25092
54962
81876
22071
52151
25472
18438
9478
26425
93221
51225
67929
952
7578
60283
78757
91284
35637
1575
6669
40950
26135
57856
21984
37537
6226
11930
52207
30720
89524
2744
23656
31935
17076
17071
18099
19606
11864
13930
4553
97216
36417
94279
52972
69962
77812
40062
2920
4678
90661
5090
9540
23423
94050
57760
4868
2503
62393
92197
80926
74157
60135
27868
18102
55530
83390
62516
71929
49850
94706
75839
70867
65640
86113
22103
84141
47585
43005
43612
92230
59915
6327
26617
17677
7151
88969
73188
42744
17233
41311
46723
27396
63424
93571
75724
23594
94409
56101
89093
23610
22918
63555
55722
50519
50708
3898
32749
65615
63106
98057
38840
18965
92197
41502
37582
73628
10824
40864
35983
19250
90817
825
20250
75094
46783
39837
33069
60440
64639
70555
91432
9324
73726
21983
6831
75019
38665
50209
44462
69574
86704
51630
87095
54311
49177
95568
72614
74662
6608
91037
79750
79236
94588
20089
35341
50024
80685
19369
39234
15828
11570
7862
69471
15459
55783
21273
72305
73377
45611
47721
51548
31878
37551
79326
76444
38577
49803
8897
75974
1854
61675
69010
74413
38115
9702
30357
72672
65581
35311
49882
74384
3921
4068
56744
6032
23505
8580
23206
63189
41742
52798
40454
95357
56101
53060
79470
49420
90215
14814
85379
92881
96440
88923
244
5159
21764
28995
65216
15319
26553
44743
75654
62203
15557
2138
8615
9245
29741
94393
46330
59294
65446
96037
47020
84627
13012
8274
6001
17994
57117
90583
80715
33098
12681
68838
31766
59608
78809
5878
72110
49814
70560
65627
46718
83558
83010
72440
83654
65452
92200
91594
84712
50833
64221
58597
71215
81892
81129
96413
38556
91259
88487
26363
83822
83191
52580
17007
8749
12197
37943
43044
4948
18625
17687
15055
6169
88245
52606
11777
8345
28031
14072
69948
63013
68305
71591
54690
23107
53714
33655
10505
76835
59522
50873
44875
43871
38202
60766
71834
67117
98546
21266
40785
96228
11164
4722
64101
5353
32173
72395
2138
7669
96572
90865
60786
84164
85859
10392
65504
17597
39811
82835
18875
57689
87332
97479
66318
59634
98361
50282
9676
93449
70690
20893
68769
95796
87979
33252
63427
12706
16402
18494
53575
95916
31974
77637
38096
40411
63850
64100
14883
97936
67769
21648
74422
63795
79268
16228
9350
30811
54391
53949
83944
19158
42297
13358
52151
36279
78066
31297
89932
85082
47847
91211
84300
85940
63777
18123
61787
2491
50411
60639
32142
53071
52058
86434
85054
2213
9383
45574
29145
67886
3256
43114
55154
80072
65693
71864
75480
99744
11253
47038
25477
96227
36433
29702
17549
60544
82480
79444
68342
10555
67498
74012
68998
27248
77001
20638
68856
11010
3280
52703
48777
36928
17919
86437
10351
95826
80623
65390
21064
43750
87224
56078
40304
64241
66739
63715
15661
47844
24089
63190
70821
52013
41482
65457
23759
74375
72841
24887
84871
99295
32900
65029
44026
75491
98482
59715
11841
45481
62134
6598
23243
79546
14208
66213
57587
68889
84082
67510
2001
7828
88703
5733
38956
28550
87407
95248
34093
19110
32384
6306
50511
51791
82183
11242
88818
59821
11924
79383
31534
48481
91123
84690
91717
76977
35247
88568
40913
98703
26161
83571
14429
39236
36870
24084
25072
44665
17662
8623
42467
64610
2481
83346
67284
32232
60028
68483
68531
45041
78633
19766
98234
90893
22125
81672
34425
68704
38602
53402
11951
73479
67253
50381
83093
64937
69042
98167
916
81596
55259
55872
1239
23344
14207
38908
33147
98460
65896
66244
8674
56643
47541
23187
14183
38754
92005
42746
96652
99353
41269
10528
74704
47508
91617
98106
7068
86677
29959
49571
40316
80192
38825
6680
44747
43619
55184
28978
63175
89311
68110
81921
84003
53079
50748
39106
19163
67764
9538
24445
87106
8594
56629
56157
19000
2667
46746
64684
53432
87518
34505
89419
30989
5404
64908
62155
4836
42831
82471
72267
62268
1191
3986
58510
92058
25185
64994
43544
54649
25366
33062
51621
67391
8190
82380
62598
65163
89536
40291
81721
38827
16215
82012
31907
13929
56194
72938
46637
27973
54664
75720
46297
26302
36421
41721
30303
96458
48470
18027
20232
28358
27421
49141
33926
79399
42034
25439
68974
55214
42022
4257
62547
17113
55764
92036
40480
37495
71527
32900
13554
46484
81122
30903
80848
91538
12368
96807
7207
45304
4937
20059
52870
44260
89149
55668
23859
68797
7456
30771
87369
81476
74610
48152
94671
456
57546
30469
74261
35288
98142
42976
29165
24339
91217
96184
41508
14363
38554
44799
61404
93928
61549
70934
31943
14745
37833
74886
36194
97382
10461
94346
39180
16433
32983
15883
99809
19194
90443
53347
67127
55218
25468
62594
88596
55175
77322
79183
59626
15646
5496
3078
94641
71934
47160
77920
21695
7433
28982
76528
72486
67878
47646
65578
57834
78105
14699
97022
98301
13269
90157
46658
41625
79656
93013
8269
11642
63796
90880
14624
3317
39069
57886
45439
5977
19998
87966
98269
41665
23190
91416
45334
10738
37600
38390
82933
3479
11137
6751
76406
10295
82555
23490
29126
70000
76638
17724
13798
67090
2045
48359
52431
11226
6782
30431
16495
38281
1771
8721
92401
57441
25158
28642
56795
47324
9978
36569
17265
11336
90828
44138
19863
6595
99568
54720
1939
70063
44056
44774
87825
27762
73319
54931
24448
44
5380
84400
46201
10710
89322
90598
52800
20564
98972
30921
17412
4054
16822
88763
30080
84721
73695
54494
98276
34644
97434
23162
79693
84650
3131
83719
6832
90540
87926
80152
97015
69376
71092
39524
31490
97234
21791
47634
7055
17645
80349
27264
9396
91285
45753
90224
21288
5380
70972
85360
609
41344
40347
24708
17337
75798
66634
84434
16202
23349
48974
16778
51224
80361
36112
90256
50734
72914
53934
23336
85920
34048
83051
48124
3663
14157
3655
5581
30252
55800
68649
4947
79604
3705
14584
55507
18329
88038
87209
98428
35873
28065
65331
77118
85511
78811
43326
84680
28960
55274
79770
91420
92568
28674
6796
28017
42683
4051
98243
18116
71599
24222
21385
67293
26686
25525
38485
75961
4210
89934
86109
65465
57721
32260
31592
52390
9448
79531
52994
87776
84956
98958
25993
25762
73339
21414
98372
18835
71481
78712
35539
78379
75287
90828
60257
1855
8486
7302
76630
67692
85512
55811
74601
32732
63895
44050
16883
64344
76224
9612
36062
70859
81959
1841
91549
74478
89678
42657
92693
26741
60528
72883
17209
65013
14247
76502
21555
49264
65261
14881
85566
98239
73952
74777
4849
82970
4159
4959
53366
8807
61041
61971
43096
91037
72805
97129
20506
37812
24275
95462
37893
8812
91233
1367
8538
26678
48866
90990
58597
56098
91066
21339
36690
42246
95964
61571
35482
47975
75956
54943
86421
60679
23488
27987
25235
25772
17849
89609
53798
80969
55696
79785
87767
11499
98739
8952
35193
21730
44590
61899
7291
48522
22990
82182
32310
10389
34946
67669
88262
94582
98074
26245
88054
54509
99473
85664
98068
32042
31943
77892
18019
3584
98023
29375
74480
17895
60968
16297
3452
88045
24590
42942
16471
15899
14032
83799
82510
87616
36468
25027
19451
96028
36087
22375
99259
6379
46313
37967
57534
11564
33108
73647
40279
74956
31005
43419
99570
2228
30500
72800
30981
8716
91782
41405
52127
55018
96802
23329
29918
9947
11384
22786
86045
95917
72332
2007
88457
33399
66442
86547
6037
31429
91332
53983
16452
44163
5911
65458
74403
11398
29068
54479
1081
28018
4154
35548
97206
42539
30856
80026
78665
34235
36496
34854
92110
21084
78623
19083
67812
27075
66041
24833
28701
54570
44474
27174
7374
83225
62007
22455
75142
71984
13795
17900
78428
61362
39566
47693
23425
753
26407
67093
93268
97427
32994
78561
58932
36126
97012
67829
29392
7941
26875
50156
81722
21871
12411
33433
70203
19616
18755
27487
32704
71462
60782
66409
31921
4578
40902
43751
64322
40625
66114
44197
48867
17847
27984
58794
48210
34247
8814
63850
53681
19600
80338
56872
30865
80583
47466
24428
34061
85485
25790
79069
20884
30302
4081
23355
17150
55414
38118
97211
21951
83679
3262
6688
67738
85979
77440
43186
88941
33290
95346
1214
